0.00000000099999999928 0.00000000099999999928 0.00000000099999999928 0.00000000099999999928 0.00000000099999999928 0.00000000099999999928 0.60293836848258675065 0.24475795448986104041 0.00000000099999999928 0.00000000099999999928 0.00000000099999999928 0.15230366302755210528 0.00000000099999999928 0.00000000099999999928 0.00000000099999999928 0.00000000099999999928 0.00000000099999999928 
0.00000000099999999926 0.00000000099999999926 0.00000000099999999926 0.58945082012448424269 0.00000000099999999926 0.00000000099999999926 0.00000000099999999926 0.00491668445594920043 0.00000000099999999926 0.00000000099999999926 0.00000000099999999926 0.21897794585315225047 0.00000000099999999926 0.18665453656641459168 0.00000000099999999926 0.00000000099999999926 0.00000000099999999926 
0.00000000099999999769 0.00000000099999999769 0.00000000099999999769 0.00000000099999999769 0.00000000099999999769 0.99999998400000000842 0.00000000099999999769 0.00000000099999999769 0.00000000099999999769 0.00000000099999999769 0.00000000099999999769 0.00000000099999999769 0.00000000099999999769 0.00000000099999999769 0.00000000099999999769 0.00000000099999999769 0.00000000099999999769 
0.00000000099999999863 0.00000000099999999863 0.00000000099999999863 0.00000000099999999863 0.00000000099999999863 0.00000000099999999863 0.00000000099999999863 0.00000000099999999863 0.00000000099999999863 0.00000000099999999863 0.00000000099999999863 0.00000000099999999863 0.99999998400000000842 0.00000000099999999863 0.00000000099999999863 0.00000000099999999863 0.00000000099999999863 
0.00000000099999999751 0.00000000099999999751 0.00000000099999999751 0.00000000099999999751 0.00000000099999999751 0.00000000099999999751 0.00000000099999999751 0.00000000099999999751 0.00000000099999999751 0.00000000099999999751 0.00000000099999999751 0.00000000099999999751 0.00000000099999999751 0.00000000099999999751 0.99999998399999989740 0.00000000099999999751 0.00000000099999999751 
0.00000000099999999999 0.05997700036918722499 0.00009526864157468541 0.04709246716117780618 0.03806256349326814920 0.02975597834660215907 0.02303870353528436957 0.17594039797195545893 0.02575722512875701364 0.01153751336458541839 0.06052209319337018695 0.00000000099999999999 0.08683648165623283899 0.13764616009695082588 0.16573036249602871028 0.11187056326975994280 0.02613721927526508129 
0.00000000099999999939 0.00000000099999999939 0.00000000099999999939 0.00000000099999999939 0.00000000099999999939 0.00000000099999999939 0.00000000099999999939 0.00000000099999999939 0.00000000099999999939 0.00000000099999999939 0.00000000099999999939 0.00000000099999999939 0.00000000099999999939 0.00000000099999999939 0.00000000099999999939 0.99999998399999989740 0.00000000099999999939 
0.05528216935526315129 0.11610066004858818345 0.02078133826795865169 0.02202801967339571704 0.04835697317211085783 0.01704572986692900680 0.00000000099999999997 0.00000000099999999997 0.01072879901759877207 0.11751370303839202280 0.17438638645491172374 0.00000000099999999997 0.09747911013472579378 0.00000000099999999997 0.04226645126895985788 0.07024617749469742878 0.20778447820646872568 
0.00000000099999999928 0.00000000099999999928 0.00000000099999999928 0.00000000099999999928 0.00000000099999999928 0.52927988901036471248 0.00000000099999999928 0.00000000099999999928 0.00000000099999999928 0.00000000099999999928 0.00000000099999999928 0.21605119425251886889 0.00000000099999999928 0.25466890273711673132 0.00000000099999999928 0.00000000099999999928 0.00000000099999999928 
0.99999998400000011944 0.00000000099999999742 0.00000000099999999742 0.00000000099999999742 0.00000000099999999742 0.00000000099999999742 0.00000000099999999742 0.00000000099999999742 0.00000000099999999742 0.00000000099999999742 0.00000000099999999742 0.00000000099999999742 0.00000000099999999742 0.00000000099999999742 0.00000000099999999742 0.00000000099999999742 0.00000000099999999742 
0.00000000099999999940 0.00000000099999999940 0.00000000099999999940 0.00000000099999999940 0.00000000099999999940 0.00000000099999999940 0.00000000099999999940 0.25094496803421295628 0.00000000099999999940 0.00000000099999999940 0.00000000099999999940 0.32318649708337404691 0.36367536367024172472 0.06219315821217111240 0.00000000099999999940 0.00000000099999999940 0.00000000099999999940 
0.00000000099999999789 0.00000000099999999789 0.00000000099999999789 0.00000000099999999789 0.00000000099999999789 0.00000000099999999789 0.00000000099999999789 0.44884202292145075619 0.00000000099999999789 0.00000000099999999789 0.00000000099999999789 0.47856360311750933967 0.00000000099999999789 0.07259435996103967559 0.00000000099999999789 0.00000000099999999789 0.00000000099999999789 
0.00922855607392604992 0.01821350141217623064 0.00322573437453848666 0.00625648107128825605 0.00790545201366663584 0.01307757396059970080 0.01179261059915608090 0.21444854660873188812 0.00864599220529923933 0.00507845036141935016 0.02960768168562768338 0.46874963244232531467 0.00927818780500519122 0.15871225778157382891 0.00942131331991546798 0.01123366568134473095 0.01512436260340584843 
0.00910527539555502224 0.01758127370946331591 0.00762280352781436518 0.00526628476177124372 0.00981134593591105955 0.01332871665163993212 0.01270828389767763612 0.00136721604774426458 0.00604640233259082227 0.00314498895475136828 0.03015009699367437318 0.43216576520592947519 0.00975266819994442119 0.41191366623619368736 0.00567796716673006022 0.01183654931362480150 0.01252069566898415462 
0.00970146022259921366 0.02160832369750421283 0.00451914211989004957 0.00710619256259897164 0.01060374176945655562 0.01720567061426679992 0.01601947378287973608 0.00029292791038743662 0.00926171860211312536 0.00382621353352974748 0.03578735049721896988 0.39681333538705770847 0.01215269224243395105 0.40975020834362746447 0.01015014520954551566 0.01650781235051574161 0.01869359115437485563 
0.00000000099999999970 0.00000000099999999970 0.00000000099999999970 0.00000000099999999970 0.00000000099999999970 0.00000000099999999970 0.00000000099999999970 0.27265493869014817419 0.00000000099999999970 0.00000000099999999970 0.00000000099999999970 0.05227595403351349701 0.43620689147915642225 0.23886220279718184401 0.00000000099999999970 0.00000000099999999970 0.00000000099999999970 
0.00000000099999999776 0.00000000099999999776 0.00000000099999999776 0.00000000099999999776 0.00000000099999999776 0.00000000099999999776 0.00000000099999999776 0.38319297430411641825 0.00000000099999999776 0.00000000099999999776 0.00000000099999999776 0.35240521819760428635 0.00000000099999999776 0.26440179349827919175 0.00000000099999999776 0.00000000099999999776 0.00000000099999999776 
0.00000000099999999792 0.00000000099999999792 0.00000000099999999792 0.00000000099999999792 0.00000000099999999792 0.00000000099999999792 0.00000000099999999792 0.41809942493682145104 0.00000000099999999792 0.00000000099999999792 0.00000000099999999792 0.35159543195807962945 0.00000000099999999792 0.23030512910509864932 0.00000000099999999792 0.00000000099999999792 0.00000000099999999792 
0.00000000099999999819 0.00000000099999999819 0.00000000099999999819 0.00000000099999999819 0.00000000099999999819 0.00000000099999999819 0.00000000099999999819 0.62445976644726963745 0.00000000099999999819 0.00000000099999999819 0.00000000099999999819 0.37554021855273039820 0.00000000099999999819 0.00000000099999999819 0.00000000099999999819 0.00000000099999999819 0.00000000099999999819 
0.00000000099999999806 0.00000000099999999806 0.00000000099999999806 0.00000000099999999806 0.00000000099999999806 0.00000000099999999806 0.00000000099999999806 0.63145678048089537437 0.00000000099999999806 0.00000000099999999806 0.00000000099999999806 0.36854320451910460577 0.00000000099999999806 0.00000000099999999806 0.00000000099999999806 0.00000000099999999806 0.00000000099999999806 
0.00000000099999999805 0.00000000099999999805 0.00000000099999999805 0.00000000099999999805 0.00000000099999999805 0.00000000099999999805 0.00000000099999999805 0.63091187541121040994 0.00000000099999999805 0.00000000099999999805 0.00000000099999999805 0.36908810958878968123 0.00000000099999999805 0.00000000099999999805 0.00000000099999999805 0.00000000099999999805 0.00000000099999999805 
0.00000000099999999822 0.00000000099999999822 0.00000000099999999822 0.00000000099999999822 0.00000000099999999822 0.00000000099999999822 0.00000000099999999822 0.52886980674976202810 0.00000000099999999822 0.00000000099999999822 0.00000000099999999822 0.47113017825023811858 0.00000000099999999822 0.00000000099999999822 0.00000000099999999822 0.00000000099999999822 0.00000000099999999822 
0.00000000099999999823 0.00000000099999999823 0.00000000099999999823 0.00000000099999999823 0.00000000099999999823 0.00000000099999999823 0.00000000099999999823 0.52646182615294401241 0.00000000099999999823 0.00000000099999999823 0.00000000099999999823 0.47353815884705613426 0.00000000099999999823 0.00000000099999999823 0.00000000099999999823 0.00000000099999999823 0.00000000099999999823 
0.00000000099999999830 0.00000000099999999830 0.00000000099999999830 0.00000000099999999830 0.00000000099999999830 0.00000000099999999830 0.00000000099999999830 0.54641953000777532257 0.00000000099999999830 0.00000000099999999830 0.00000000099999999830 0.45358045499222476860 0.00000000099999999830 0.00000000099999999830 0.00000000099999999830 0.00000000099999999830 0.00000000099999999830 
0.00000000099999999786 0.00000000099999999786 0.00000000099999999786 0.00000000099999999786 0.00000000099999999786 0.00000000099999999786 0.00000000099999999786 0.00000000099999999786 0.00000000099999999786 0.00000000099999999786 0.00000000099999999786 0.56454452283470590856 0.00000000099999999786 0.43545546216529384953 0.00000000099999999786 0.00000000099999999786 0.00000000099999999786 
0.00000000099999999786 0.00000000099999999786 0.00000000099999999786 0.00000000099999999786 0.00000000099999999786 0.00000000099999999786 0.00000000099999999786 0.41164746972958582427 0.00000000099999999786 0.00000000099999999786 0.00000000099999999786 0.40138713142754278707 0.00000000099999999786 0.18696538484287117399 0.00000000099999999786 0.00000000099999999786 0.00000000099999999786 
0.00000000099999999780 0.00000000099999999780 0.00000000099999999780 0.00000000099999999780 0.00000000099999999780 0.00000000099999999780 0.00000000099999999780 0.40635951566380862365 0.00000000099999999780 0.00000000099999999780 0.00000000099999999780 0.50662900575576430562 0.00000000099999999780 0.08701146458042684217 0.00000000099999999780 0.00000000099999999780 0.00000000099999999780 
0.00000000099999999776 0.00000000099999999776 0.00000000099999999776 0.00000000099999999776 0.00000000099999999776 0.00000000099999999776 0.00000000099999999776 0.44987458657091050629 0.00000000099999999776 0.00000000099999999776 0.00000000099999999776 0.50944120596569431036 0.00000000099999999776 0.04068419346339496867 0.00000000099999999776 0.00000000099999999776 0.00000000099999999776 
0.00000000099999999760 0.00000000099999999760 0.00000000099999999760 0.00000000099999999760 0.00000000099999999760 0.00000000099999999760 0.00000000099999999760 0.00000000099999999760 0.00000000099999999760 0.00000000099999999760 0.00000000099999999760 0.54646987757305687250 0.00000000099999999760 0.45353010742694294111 0.00000000099999999760 0.00000000099999999760 0.00000000099999999760 
0.00000000099999999775 0.00000000099999999775 0.00000000099999999775 0.00000000099999999775 0.00000000099999999775 0.00000000099999999775 0.00000000099999999775 0.18280953024456675360 0.00000000099999999775 0.00000000099999999775 0.00000000099999999775 0.50211408224498821351 0.00000000099999999775 0.31507637351044498475 0.00000000099999999775 0.00000000099999999775 0.00000000099999999775 
0.00000000099999999768 0.00000000099999999768 0.00000000099999999768 0.00000000099999999768 0.00000000099999999768 0.00000000099999999768 0.00000000099999999768 0.38989954537041249250 0.00000000099999999768 0.00000000099999999768 0.00000000099999999768 0.61010043962958726560 0.00000000099999999768 0.00000000099999999768 0.00000000099999999768 0.00000000099999999768 0.00000000099999999768 
0.00000000099999999777 0.00000000099999999777 0.00000000099999999777 0.00000000099999999777 0.00000000099999999777 0.00000000099999999777 0.00000000099999999777 0.38904711498325117436 0.00000000099999999777 0.00000000099999999777 0.00000000099999999777 0.54334888060338515370 0.00000000099999999777 0.06760399041336351278 0.00000000099999999777 0.00000000099999999777 0.00000000099999999777 
0.00000000099999999785 0.00000000099999999785 0.00000000099999999785 0.00000000099999999785 0.00000000099999999785 0.00000000099999999785 0.00000000099999999785 0.35101210885972355946 0.00000000099999999785 0.00000000099999999785 0.00000000099999999785 0.32471032066277222272 0.00000000099999999785 0.32427755647750400314 0.00000000099999999785 0.00000000099999999785 0.00000000099999999785 
0.00000000099999999769 0.00000000099999999769 0.00000000099999999769 0.00000000099999999769 0.00000000099999999769 0.00000000099999999769 0.00000000099999999769 0.41328529961928445191 0.00000000099999999769 0.00000000099999999769 0.00000000099999999769 0.50027092513159443499 0.00000000099999999769 0.08644376124912092618 0.00000000099999999769 0.00000000099999999769 0.00000000099999999769 
0.00000000099999999768 0.00000000099999999768 0.00000000099999999768 0.00000000099999999768 0.00000000099999999768 0.00000000099999999768 0.00000000099999999768 0.42113105475245266041 0.00000000099999999768 0.00000000099999999768 0.00000000099999999768 0.48922553387648543000 0.00000000099999999768 0.08964339737106166717 0.00000000099999999768 0.00000000099999999768 0.00000000099999999768 
0.00000000099999999780 0.00000000099999999780 0.00000000099999999780 0.00000000099999999780 0.00000000099999999780 0.00000000099999999780 0.00000000099999999780 0.40832706901510640307 0.00000000099999999780 0.00000000099999999780 0.00000000099999999780 0.46764766615500003022 0.00000000099999999780 0.12402525082989331040 0.00000000099999999780 0.00000000099999999780 0.00000000099999999780 
0.00000000099999999760 0.00000000099999999760 0.00000000099999999760 0.00000000099999999760 0.00000000099999999760 0.00000000099999999760 0.00000000099999999760 0.00000000099999999760 0.00000000099999999760 0.00000000099999999760 0.00000000099999999760 0.43341542836380830828 0.00000000099999999760 0.56658455663619156084 0.00000000099999999760 0.00000000099999999760 0.00000000099999999760 
0.00000000099999999830 0.00000000099999999830 0.00000000099999999830 0.00000000099999999830 0.00000000099999999830 0.00000000099999999830 0.00000000099999999830 0.49904807195222539162 0.00000000099999999830 0.00000000099999999830 0.00000000099999999830 0.50095191304777453301 0.00000000099999999830 0.00000000099999999830 0.00000000099999999830 0.00000000099999999830 0.00000000099999999830 
0.00000000099999999786 0.00000000099999999786 0.00000000099999999786 0.00000000099999999786 0.00000000099999999786 0.00000000099999999786 0.00000000099999999786 0.00000000099999999786 0.00000000099999999786 0.00000000099999999786 0.00000000099999999786 0.67537365595780451955 0.00000000099999999786 0.32462632904219529406 0.00000000099999999786 0.00000000099999999786 0.00000000099999999786 
0.00000000099999999777 0.00000000099999999777 0.00000000099999999777 0.00000000099999999777 0.00000000099999999777 0.00000000099999999777 0.00000000099999999777 0.43884547171134752341 0.00000000099999999777 0.00000000099999999777 0.00000000099999999777 0.42311113539555883500 0.00000000099999999777 0.13804337889309331588 0.00000000099999999777 0.00000000099999999777 0.00000000099999999777 
0.00000000099999999835 0.00000000099999999835 0.00000000099999999835 0.00000000099999999835 0.00000000099999999835 0.00000000099999999835 0.00000000099999999835 0.49716407669674478331 0.00000000099999999835 0.00000000099999999835 0.00000000099999999835 0.50283590830325519683 0.00000000099999999835 0.00000000099999999835 0.00000000099999999835 0.00000000099999999835 0.00000000099999999835 
0.00000000099999999779 0.00000000099999999779 0.00000000099999999779 0.00000000099999999779 0.00000000099999999779 0.00000000099999999779 0.00000000099999999779 0.24059744945673730565 0.00000000099999999779 0.00000000099999999779 0.00000000099999999779 0.46339684160655814082 0.00000000099999999779 0.29600569493670436660 0.00000000099999999779 0.00000000099999999779 0.00000000099999999779 
0.00000000099999999762 0.00000000099999999762 0.00000000099999999762 0.00000000099999999762 0.00000000099999999762 0.00000000099999999762 0.00000000099999999762 0.00000000099999999762 0.00000000099999999762 0.00000000099999999762 0.00000000099999999762 0.45048053172155844148 0.00000000099999999762 0.54951945327844120559 0.00000000099999999762 0.00000000099999999762 0.00000000099999999762 
0.00000000099999999791 0.00000000099999999791 0.00000000099999999791 0.00000000099999999791 0.00000000099999999791 0.00000000099999999791 0.00000000099999999791 0.00000000099999999791 0.00000000099999999791 0.00000000099999999791 0.00000000099999999791 0.08394664506899604528 0.00000000099999999791 0.91605333993100390710 0.00000000099999999791 0.00000000099999999791 0.00000000099999999791 
0.00000000099999999776 0.00000000099999999776 0.00000000099999999776 0.00000000099999999776 0.00000000099999999776 0.00000000099999999776 0.00000000099999999776 0.39259607950938679721 0.00000000099999999776 0.00000000099999999776 0.00000000099999999776 0.37686287172122662215 0.00000000099999999776 0.23054103476938628270 0.00000000099999999776 0.00000000099999999776 0.00000000099999999776 
0.00000000099999999774 0.00000000099999999774 0.00000000099999999774 0.00000000099999999774 0.00000000099999999774 0.00000000099999999774 0.00000000099999999774 0.25012078365154988280 0.00000000099999999774 0.00000000099999999774 0.00000000099999999774 0.53959021101279458499 0.00000000099999999774 0.21028899133565537305 0.00000000099999999774 0.00000000099999999774 0.00000000099999999774 
0.00000000099999999741 0.00000000099999999741 0.00000000099999999741 0.00000000099999999741 0.00000000099999999741 0.00000000099999999741 0.00000000099999999741 0.42723810493407871069 0.00000000099999999741 0.00000000099999999741 0.00000000099999999741 0.00000000099999999741 0.00000000099999999741 0.57276188006592099189 0.00000000099999999741 0.00000000099999999741 0.00000000099999999741 
0.00000000099999999779 0.00000000099999999779 0.00000000099999999779 0.00000000099999999779 0.00000000099999999779 0.00000000099999999779 0.00000000099999999779 0.44197926473844506567 0.00000000099999999779 0.00000000099999999779 0.00000000099999999779 0.40804843380023470001 0.00000000099999999779 0.14997228746132010291 0.00000000099999999779 0.00000000099999999779 0.00000000099999999779 
0.00000000099999999799 0.00000000099999999799 0.00000000099999999799 0.00000000099999999799 0.00000000099999999799 0.00000000099999999799 0.00000000099999999799 0.07795107010192861563 0.00000000099999999799 0.00000000099999999799 0.00000000099999999799 0.54100738084566324382 0.00000000099999999799 0.38104153505240789812 0.00000000099999999799 0.00000000099999999799 0.00000000099999999799 
0.00000000099999999759 0.00000000099999999759 0.00000000099999999759 0.00000000099999999759 0.00000000099999999759 0.00000000099999999759 0.00000000099999999759 0.00000000099999999759 0.00000000099999999759 0.00000000099999999759 0.00000000099999999759 0.59276290311229695718 0.00000000099999999759 0.40723708188770285643 0.00000000099999999759 0.00000000099999999759 0.00000000099999999759 
0.00000000099999999786 0.00000000099999999786 0.00000000099999999786 0.00000000099999999786 0.00000000099999999786 0.00000000099999999786 0.00000000099999999786 0.24559488657088626717 0.00000000099999999786 0.00000000099999999786 0.00000000099999999786 0.48786735087815163991 0.00000000099999999786 0.26653774855096196150 0.00000000099999999786 0.00000000099999999786 0.00000000099999999786 
0.00000000099999999776 0.00000000099999999776 0.00000000099999999776 0.00000000099999999776 0.00000000099999999776 0.00000000099999999776 0.00000000099999999776 0.39838398477615838411 0.00000000099999999776 0.00000000099999999776 0.00000000099999999776 0.43583570681408462244 0.00000000099999999776 0.16578029440975669551 0.00000000099999999776 0.00000000099999999776 0.00000000099999999776 
0.00000000099999999772 0.00000000099999999772 0.00000000099999999772 0.00000000099999999772 0.00000000099999999772 0.00000000099999999772 0.00000000099999999772 0.33823959363550482049 0.00000000099999999772 0.00000000099999999772 0.00000000099999999772 0.66176039136449493760 0.00000000099999999772 0.00000000099999999772 0.00000000099999999772 0.00000000099999999772 0.00000000099999999772 
0.00000000099999999831 0.00000000099999999831 0.00000000099999999831 0.00000000099999999831 0.00000000099999999831 0.00000000099999999831 0.00000000099999999831 0.46051512175047937259 0.00000000099999999831 0.00000000099999999831 0.00000000099999999831 0.53948486324952049653 0.00000000099999999831 0.00000000099999999831 0.00000000099999999831 0.00000000099999999831 0.00000000099999999831 
0.00000000099999999858 0.00000000099999999858 0.00000000099999999858 0.00000000099999999858 0.00000000099999999858 0.00000000099999999858 0.00000000099999999858 0.60664928136012608029 0.00000000099999999858 0.00000000099999999858 0.00000000099999999858 0.39335070363987395536 0.00000000099999999858 0.00000000099999999858 0.00000000099999999858 0.00000000099999999858 0.00000000099999999858 
0.00000000099999999764 0.00000000099999999764 0.00000000099999999764 0.00000000099999999764 0.00000000099999999764 0.00000000099999999764 0.00000000099999999764 0.45420268669529173522 0.00000000099999999764 0.00000000099999999764 0.00000000099999999764 0.00000000099999999764 0.00000000099999999764 0.54579729830470802288 0.00000000099999999764 0.00000000099999999764 0.00000000099999999764 
0.00000000099999999844 0.00000000099999999844 0.00000000099999999844 0.00000000099999999844 0.00000000099999999844 0.00000000099999999844 0.00000000099999999844 0.60661346578966290899 0.00000000099999999844 0.00000000099999999844 0.00000000099999999844 0.39338651921033729320 0.00000000099999999844 0.00000000099999999844 0.00000000099999999844 0.00000000099999999844 0.00000000099999999844 
0.00000000099999999752 0.00000000099999999752 0.00000000099999999752 0.00000000099999999752 0.00000000099999999752 0.00000000099999999752 0.00000000099999999752 0.43161140994276220306 0.00000000099999999752 0.00000000099999999752 0.00000000099999999752 0.00000000099999999752 0.00000000099999999752 0.56838857505723738850 0.00000000099999999752 0.00000000099999999752 0.00000000099999999752 
0.00000000099999999751 0.00000000099999999751 0.00000000099999999751 0.00000000099999999751 0.00000000099999999751 0.00000000099999999751 0.00000000099999999751 0.44597722662259253745 0.00000000099999999751 0.00000000099999999751 0.00000000099999999751 0.00000000099999999751 0.00000000099999999751 0.55402275837740710962 0.00000000099999999751 0.00000000099999999751 0.00000000099999999751 
0.00000000099999999765 0.00000000099999999765 0.00000000099999999765 0.00000000099999999765 0.00000000099999999765 0.00000000099999999765 0.00000000099999999765 0.43910069635270848609 0.00000000099999999765 0.00000000099999999765 0.00000000099999999765 0.00000000099999999765 0.00000000099999999765 0.56089928864729121649 0.00000000099999999765 0.00000000099999999765 0.00000000099999999765 
0.00000000099999999742 0.00000000099999999742 0.00000000099999999742 0.00000000099999999742 0.00000000099999999742 0.00000000099999999742 0.00000000099999999742 0.41025063752611068413 0.00000000099999999742 0.00000000099999999742 0.00000000099999999742 0.00000000099999999742 0.00000000099999999742 0.58974934747388907397 0.00000000099999999742 0.00000000099999999742 0.00000000099999999742 
0.00000000099999999753 0.00000000099999999753 0.00000000099999999753 0.00000000099999999753 0.00000000099999999753 0.00000000099999999753 0.00000000099999999753 0.44096214186332066687 0.00000000099999999753 0.00000000099999999753 0.00000000099999999753 0.00000000099999999753 0.00000000099999999753 0.55903784313667903572 0.00000000099999999753 0.00000000099999999753 0.00000000099999999753 
0.00000000099999999745 0.00000000099999999745 0.00000000099999999745 0.00000000099999999745 0.00000000099999999745 0.00000000099999999745 0.00000000099999999745 0.43035419623317044957 0.00000000099999999745 0.00000000099999999745 0.00000000099999999745 0.00000000099999999745 0.00000000099999999745 0.56964578876682914199 0.00000000099999999745 0.00000000099999999745 0.00000000099999999745 
0.00000000099999999758 0.00000000099999999758 0.00000000099999999758 0.00000000099999999758 0.00000000099999999758 0.00000000099999999758 0.00000000099999999758 0.44108929564117677069 0.00000000099999999758 0.00000000099999999758 0.00000000099999999758 0.00000000099999999758 0.00000000099999999758 0.55891068935882293189 0.00000000099999999758 0.00000000099999999758 0.00000000099999999758 
0.00000000099999999753 0.00000000099999999753 0.00000000099999999753 0.00000000099999999753 0.00000000099999999753 0.00000000099999999753 0.00000000099999999753 0.43658329185925565108 0.00000000099999999753 0.00000000099999999753 0.00000000099999999753 0.00000000099999999753 0.00000000099999999753 0.56341669314074394048 0.00000000099999999753 0.00000000099999999753 0.00000000099999999753 
0.00000000099999999775 0.00000000099999999775 0.00000000099999999775 0.00000000099999999775 0.00000000099999999775 0.00000000099999999775 0.00000000099999999775 0.44889355958350840581 0.00000000099999999775 0.00000000099999999775 0.00000000099999999775 0.00000000099999999775 0.00000000099999999775 0.55110642541649113024 0.00000000099999999775 0.00000000099999999775 0.00000000099999999775 
0.00000000099999999762 0.00000000099999999762 0.00000000099999999762 0.00000000099999999762 0.00000000099999999762 0.00000000099999999762 0.00000000099999999762 0.45330576118600401925 0.00000000099999999762 0.00000000099999999762 0.00000000099999999762 0.00000000099999999762 0.00000000099999999762 0.54669422381399557231 0.00000000099999999762 0.00000000099999999762 0.00000000099999999762 
0.00000000099999999752 0.00000000099999999752 0.00000000099999999752 0.00000000099999999752 0.00000000099999999752 0.00000000099999999752 0.00000000099999999752 0.44148113597755017645 0.00000000099999999752 0.00000000099999999752 0.00000000099999999752 0.00000000099999999752 0.00000000099999999752 0.55851884902244963715 0.00000000099999999752 0.00000000099999999752 0.00000000099999999752 
0.00000000099999999753 0.00000000099999999753 0.00000000099999999753 0.00000000099999999753 0.00000000099999999753 0.00000000099999999753 0.00000000099999999753 0.43998056001194502107 0.00000000099999999753 0.00000000099999999753 0.00000000099999999753 0.00000000099999999753 0.00000000099999999753 0.56001942498805457049 0.00000000099999999753 0.00000000099999999753 0.00000000099999999753 
0.00000000099999999761 0.00000000099999999761 0.00000000099999999761 0.00000000099999999761 0.00000000099999999761 0.00000000099999999761 0.00000000099999999761 0.45398322443862898501 0.00000000099999999761 0.00000000099999999761 0.00000000099999999761 0.00000000099999999761 0.00000000099999999761 0.54601676056137071757 0.00000000099999999761 0.00000000099999999761 0.00000000099999999761 
0.00000000099999999770 0.00000000099999999770 0.00000000099999999770 0.00000000099999999770 0.00000000099999999770 0.00000000099999999770 0.00000000099999999770 0.45968116728266356086 0.00000000099999999770 0.00000000099999999770 0.00000000099999999770 0.00000000099999999770 0.00000000099999999770 0.54031881771733614173 0.00000000099999999770 0.00000000099999999770 0.00000000099999999770 
0.00000000099999999754 0.00000000099999999754 0.00000000099999999754 0.00000000099999999754 0.00000000099999999754 0.00000000099999999754 0.00000000099999999754 0.43759222705373779228 0.00000000099999999754 0.00000000099999999754 0.00000000099999999754 0.00000000099999999754 0.00000000099999999754 0.56240775794626185480 0.00000000099999999754 0.00000000099999999754 0.00000000099999999754 
0.00000000099999999742 0.00000000099999999742 0.00000000099999999742 0.00000000099999999742 0.00000000099999999742 0.00000000099999999742 0.00000000099999999742 0.42546192116304121233 0.00000000099999999742 0.00000000099999999742 0.00000000099999999742 0.00000000099999999742 0.00000000099999999742 0.57453806383695849025 0.00000000099999999742 0.00000000099999999742 0.00000000099999999742 
0.00000000099999999743 0.00000000099999999743 0.00000000099999999743 0.00000000099999999743 0.00000000099999999743 0.00000000099999999743 0.00000000099999999743 0.41315814669641359735 0.00000000099999999743 0.00000000099999999743 0.00000000099999999743 0.00000000099999999743 0.00000000099999999743 0.58684183830358616074 0.00000000099999999743 0.00000000099999999743 0.00000000099999999743 
0.00000000099999999749 0.00000000099999999749 0.00000000099999999749 0.00000000099999999749 0.00000000099999999749 0.00000000099999999749 0.00000000099999999749 0.44293684972520952492 0.00000000099999999749 0.00000000099999999749 0.00000000099999999749 0.00000000099999999749 0.00000000099999999749 0.55706313527479012215 0.00000000099999999749 0.00000000099999999749 0.00000000099999999749 
0.00000000099999999750 0.00000000099999999750 0.00000000099999999750 0.00000000099999999750 0.00000000099999999750 0.00000000099999999750 0.00000000099999999750 0.43496517967430203822 0.00000000099999999750 0.00000000099999999750 0.00000000099999999750 0.00000000099999999750 0.00000000099999999750 0.56503480532569771988 0.00000000099999999750 0.00000000099999999750 0.00000000099999999750 
0.00000000099999999767 0.00000000099999999767 0.00000000099999999767 0.00000000099999999767 0.00000000099999999767 0.00000000099999999767 0.00000000099999999767 0.45795535010728471992 0.00000000099999999767 0.00000000099999999767 0.00000000099999999767 0.00000000099999999767 0.00000000099999999767 0.54204463489271492715 0.00000000099999999767 0.00000000099999999767 0.00000000099999999767 
0.00000000099999999847 0.00000000099999999847 0.00000000099999999847 0.00000000099999999847 0.00000000099999999847 0.00000000099999999847 0.00000000099999999847 0.68561479293048621653 0.00000000099999999847 0.00000000099999999847 0.00000000099999999847 0.31438519206951398566 0.00000000099999999847 0.00000000099999999847 0.00000000099999999847 0.00000000099999999847 0.00000000099999999847 
0.00000000099999999752 0.00000000099999999752 0.00000000099999999752 0.00000000099999999752 0.00000000099999999752 0.00000000099999999752 0.00000000099999999752 0.45107301216741740868 0.00000000099999999752 0.00000000099999999752 0.00000000099999999752 0.00000000099999999752 0.00000000099999999752 0.54892697283258229390 0.00000000099999999752 0.00000000099999999752 0.00000000099999999752 
0.00000000099999999842 0.00000000099999999842 0.00000000099999999842 0.00000000099999999842 0.00000000099999999842 0.00000000099999999842 0.00000000099999999842 0.50858862406577642901 0.00000000099999999842 0.00000000099999999842 0.00000000099999999842 0.49141136093422377318 0.00000000099999999842 0.00000000099999999842 0.00000000099999999842 0.00000000099999999842 0.00000000099999999842 
0.00000000099999999744 0.00000000099999999744 0.00000000099999999744 0.00000000099999999744 0.00000000099999999744 0.00000000099999999744 0.00000000099999999744 0.41588786133594785044 0.00000000099999999744 0.00000000099999999744 0.00000000099999999744 0.00000000099999999744 0.00000000099999999744 0.58411212366405185215 0.00000000099999999744 0.00000000099999999744 0.00000000099999999744 
0.00000000099999999752 0.00000000099999999752 0.00000000099999999752 0.00000000099999999752 0.00000000099999999752 0.00000000099999999752 0.00000000099999999752 0.44772146329432405132 0.00000000099999999752 0.00000000099999999752 0.00000000099999999752 0.00000000099999999752 0.00000000099999999752 0.55227852170567559575 0.00000000099999999752 0.00000000099999999752 0.00000000099999999752 
0.00000000099999999748 0.00000000099999999748 0.00000000099999999748 0.00000000099999999748 0.00000000099999999748 0.00000000099999999748 0.00000000099999999748 0.43041675573973603441 0.00000000099999999748 0.00000000099999999748 0.00000000099999999748 0.00000000099999999748 0.00000000099999999748 0.56958322926026350164 0.00000000099999999748 0.00000000099999999748 0.00000000099999999748 
0.00000000099999999916 0.00000000099999999916 0.00000000099999999916 0.00000000099999999916 0.00000000099999999916 0.00000000099999999916 0.00000000099999999916 0.46072517173156662951 0.00000000099999999916 0.00000000099999999916 0.00000000099999999916 0.00000000099999999916 0.00000000099999999916 0.53927481326843318410 0.00000000099999999916 0.00000000099999999916 0.00000000099999999916 
0.00000000099999999782 0.00000000099999999782 0.00000000099999999782 0.00000000099999999782 0.00000000099999999782 0.00000000099999999782 0.00000000099999999782 0.00000000099999999782 0.00000000099999999782 0.00000000099999999782 0.00000000099999999782 0.07740464041891816083 0.00000000099999999782 0.92259534458108172217 0.00000000099999999782 0.00000000099999999782 0.00000000099999999782 
0.00000000099999999829 0.00000000099999999829 0.00000000099999999829 0.00000000099999999829 0.00000000099999999829 0.00000000099999999829 0.00000000099999999829 0.58179504316277386167 0.00000000099999999829 0.00000000099999999829 0.00000000099999999829 0.41820494183722634052 0.00000000099999999829 0.00000000099999999829 0.00000000099999999829 0.00000000099999999829 0.00000000099999999829 
0.00000000099999999822 0.00000000099999999822 0.00000000099999999822 0.00000000099999999822 0.00000000099999999822 0.00000000099999999822 0.00000000099999999822 0.58519405441353422592 0.00000000099999999822 0.00000000099999999822 0.00000000099999999822 0.41480593058646586524 0.00000000099999999822 0.00000000099999999822 0.00000000099999999822 0.00000000099999999822 0.00000000099999999822 
0.00000000099999999827 0.00000000099999999827 0.00000000099999999827 0.00000000099999999827 0.00000000099999999827 0.00000000099999999827 0.00000000099999999827 0.59760220173039713121 0.00000000099999999827 0.00000000099999999827 0.00000000099999999827 0.40239778326960290444 0.00000000099999999827 0.00000000099999999827 0.00000000099999999827 0.00000000099999999827 0.00000000099999999827 
0.00000000099999999829 0.00000000099999999829 0.00000000099999999829 0.00000000099999999829 0.00000000099999999829 0.00000000099999999829 0.00000000099999999829 0.58003071494358304783 0.00000000099999999829 0.00000000099999999829 0.00000000099999999829 0.41996927005641704334 0.00000000099999999829 0.00000000099999999829 0.00000000099999999829 0.00000000099999999829 0.00000000099999999829 
0.00000000099999999830 0.00000000099999999830 0.00000000099999999830 0.00000000099999999830 0.00000000099999999830 0.00000000099999999830 0.00000000099999999830 0.59636973936821291442 0.00000000099999999830 0.00000000099999999830 0.00000000099999999830 0.40363024563178723225 0.00000000099999999830 0.00000000099999999830 0.00000000099999999830 0.00000000099999999830 0.00000000099999999830 
0.00000000099999999754 0.00000000099999999754 0.00000000099999999754 0.00000000099999999754 0.00000000099999999754 0.00000000099999999754 0.00000000099999999754 0.44025163489629232094 0.00000000099999999754 0.00000000099999999754 0.00000000099999999754 0.00000000099999999754 0.00000000099999999754 0.55974835010370738164 0.00000000099999999754 0.00000000099999999754 0.00000000099999999754 
0.00000000099999999769 0.00000000099999999769 0.00000000099999999769 0.00000000099999999769 0.00000000099999999769 0.00000000099999999769 0.00000000099999999769 0.45345068605104421611 0.00000000099999999769 0.00000000099999999769 0.00000000099999999769 0.00000000099999999769 0.00000000099999999769 0.54654929894895554199 0.00000000099999999769 0.00000000099999999769 0.00000000099999999769 
0.00000000099999999772 0.00000000099999999772 0.00000000099999999772 0.00000000099999999772 0.00000000099999999772 0.00000000099999999772 0.00000000099999999772 0.44665536164725250234 0.00000000099999999772 0.00000000099999999772 0.00000000099999999772 0.00000000099999999772 0.00000000099999999772 0.55334462335274703371 0.00000000099999999772 0.00000000099999999772 0.00000000099999999772 
0.00000000099999999767 0.00000000099999999767 0.00000000099999999767 0.00000000099999999767 0.00000000099999999767 0.00000000099999999767 0.00000000099999999767 0.45277657750058764030 0.00000000099999999767 0.00000000099999999767 0.00000000099999999767 0.00000000099999999767 0.00000000099999999767 0.54722340749941211779 0.00000000099999999767 0.00000000099999999767 0.00000000099999999767 
0.00000000099999999759 0.00000000099999999759 0.00000000099999999759 0.00000000099999999759 0.00000000099999999759 0.00000000099999999759 0.00000000099999999759 0.43829233748938012383 0.00000000099999999759 0.00000000099999999759 0.00000000099999999759 0.00000000099999999759 0.00000000099999999759 0.56170764751061941222 0.00000000099999999759 0.00000000099999999759 0.00000000099999999759 
0.00000000099999999753 0.00000000099999999753 0.00000000099999999753 0.00000000099999999753 0.00000000099999999753 0.00000000099999999753 0.00000000099999999753 0.44576999115288146180 0.00000000099999999753 0.00000000099999999753 0.00000000099999999753 0.00000000099999999753 0.00000000099999999753 0.55422999384711824078 0.00000000099999999753 0.00000000099999999753 0.00000000099999999753 
0.00000000099999999753 0.00000000099999999753 0.00000000099999999753 0.00000000099999999753 0.00000000099999999753 0.00000000099999999753 0.00000000099999999753 0.44554827329027285598 0.00000000099999999753 0.00000000099999999753 0.00000000099999999753 0.00000000099999999753 0.00000000099999999753 0.55445171170972684660 0.00000000099999999753 0.00000000099999999753 0.00000000099999999753 
0.00000000099999999751 0.00000000099999999751 0.00000000099999999751 0.00000000099999999751 0.00000000099999999751 0.00000000099999999751 0.00000000099999999751 0.43381325735204018246 0.00000000099999999751 0.00000000099999999751 0.00000000099999999751 0.00000000099999999751 0.00000000099999999751 0.56618672764795952013 0.00000000099999999751 0.00000000099999999751 0.00000000099999999751 
0.00000000099999999753 0.00000000099999999753 0.00000000099999999753 0.00000000099999999753 0.00000000099999999753 0.00000000099999999753 0.00000000099999999753 0.43668168319239375474 0.00000000099999999753 0.00000000099999999753 0.00000000099999999753 0.00000000099999999753 0.00000000099999999753 0.56331830180760589233 0.00000000099999999753 0.00000000099999999753 0.00000000099999999753 
0.00000000099999999793 0.00000000099999999793 0.00000000099999999793 0.00000000099999999793 0.00000000099999999793 0.00000000099999999793 0.00000000099999999793 0.42770129260235711932 0.00000000099999999793 0.00000000099999999793 0.00000000099999999793 0.45344314633914828416 0.00000000099999999793 0.11885554705849442347 0.00000000099999999793 0.00000000099999999793 0.00000000099999999793 
0.00000000099999999743 0.00000000099999999743 0.00000000099999999743 0.00000000099999999743 0.00000000099999999743 0.00000000099999999743 0.00000000099999999743 0.42604110993669508378 0.00000000099999999743 0.00000000099999999743 0.00000000099999999743 0.00000000099999999743 0.00000000099999999743 0.57395887506330445227 0.00000000099999999743 0.00000000099999999743 0.00000000099999999743 
0.00000000099999999798 0.00000000099999999798 0.00000000099999999798 0.00000000099999999798 0.00000000099999999798 0.00000000099999999798 0.00000000099999999798 0.00000000099999999798 0.00000000099999999798 0.00000000099999999798 0.00000000099999999798 0.42364112168836887129 0.00000000099999999798 0.57635886331163077578 0.00000000099999999798 0.00000000099999999798 0.00000000099999999798 
