0.00000000099999999952 0.00000000099999999952 0.30352523558168037487 0.60417801486021494028 0.00000000099999999952 0.00000000099999999952 0.00000000099999999952 0.00000000099999999952 0.00000000099999999952 0.00000000099999999952 0.09229674055810482836 0.00000000099999999952 
0.00000000099999999973 0.60911014205567104440 0.04680063398907384487 0.00000000099999999973 0.00000000099999999973 0.00000000099999999973 0.00000000099999999973 0.00000000099999999973 0.00000000099999999973 0.00000000099999999973 0.34408921495525524037 0.00000000099999999973 
0.00000000099999999840 0.00000000099999999840 0.00000000099999999840 0.00000000099999999840 0.00000000099999999840 0.99999998900000008906 0.00000000099999999840 0.00000000099999999840 0.00000000099999999840 0.00000000099999999840 0.00000000099999999840 0.00000000099999999840 
0.04381310481658168277 0.09335762528078714317 0.00000000099999999991 0.35478008103812991303 0.00000000099999999991 0.10361703660758994627 0.00000000099999999991 0.33870277516284585939 0.00000000099999999991 0.06550580203216549435 0.00022357006189998801 0.00000000099999999991 
0.00000000099999999824 0.00000000099999999824 0.00000000099999999824 0.00000000099999999824 0.00000000099999999824 0.00000000099999999824 0.00000000099999999824 0.00000000099999999824 0.00000000099999999824 0.99999998899999986701 0.00000000099999999824 0.00000000099999999824 
0.02166768344855942927 0.11352952723824975834 0.32063739211897140935 0.04210489979980354402 0.00366898314396970444 0.03351047715998721477 0.06277075184051382484 0.17917802099304375174 0.02924123349257484739 0.19369102876432647831 0.00000000099999999999 0.00000000099999999999 
0.06672951155805555146 0.13002632505582895073 0.11823182741082488567 0.02182810788849568265 0.05786761656217277033 0.00000000099999999999 0.06406836007054271531 0.39134532254368809001 0.01622577030019473412 0.07505021188502171425 0.04492624683369052935 0.01370069889148443562 
0.13499831284279784072 0.09146650494852011370 0.00000000099999999999 0.01741437625105405132 0.06292003189599001955 0.01813639964511023703 0.12167957352576189156 0.23554080160142532030 0.19921070857949843558 0.05904278917026152540 0.00000000099999999999 0.05959049953958076712 
0.00000000099999999950 0.00000000099999999950 0.00000000099999999950 0.00000000099999999950 0.00000000099999999950 0.52954031360812980900 0.00000000099999999950 0.00000000099999999950 0.00000000099999999950 0.00000000099999999950 0.47045967639187036280 0.00000000099999999950 
0.00000000099999999821 0.00000000099999999821 0.00000000099999999821 0.00000000099999999821 0.99999998900000008906 0.00000000099999999821 0.00000000099999999821 0.00000000099999999821 0.00000000099999999821 0.00000000099999999821 0.00000000099999999821 0.00000000099999999821 
0.01374569316710221208 0.03195080452180003305 0.30192789840149258929 0.13444693068352608911 0.00000000099999999992 0.03550472507881802936 0.00000000099999999992 0.12995011995768343538 0.00000000099999999992 0.02215126664299153086 0.33032255754658590430 0.00000000099999999992 
0.00000000099999999853 0.00000000099999999853 0.54650169101283196937 0.00000000099999999853 0.00000000099999999853 0.00000000099999999853 0.00000000099999999853 0.00000000099999999853 0.00000000099999999853 0.00000000099999999853 0.45349829898716803589 0.00000000099999999853 
0.00856882135436886488 0.01826550197930818659 0.24247721011882486519 0.01389460436853576578 0.00974642432524557185 0.01332687060717339250 0.01947286270889139054 0.04126526081164307025 0.01092750136305084378 0.01155499358357892775 0.59798527839748794044 0.01251467038189115963 
0.00846945375534760049 0.01843247976210822536 0.02070859776458280899 0.01488789947652432478 0.00974316123532920769 0.01324333833241985066 0.01879567186887932603 0.03918408419643235052 0.01064849857726239864 0.00725349534703618928 0.82650245028914570700 0.01213086939493207908 
0.00834785821929470880 0.02296469599884908008 0.02074675887946339503 0.01885266763648956248 0.01056041356221257624 0.01729609697821193198 0.02267309643450145934 0.04809374273007607087 0.01350246687187831203 0.01312305836212694990 0.78796000480515870912 0.01587913952173728577 
0.03629028085599363823 0.05426542890489983312 0.49582567426670359767 0.08921587526377330879 0.01262367153330737866 0.00985058900750995260 0.02340540428976121273 0.14829411069304515580 0.00000000100000000000 0.06936373352144260818 0.04855234119847917640 0.01231288946508408803 
0.00000000099999999838 0.00000000099999999838 0.55292034155697900033 0.00000000099999999838 0.00000000099999999838 0.00000000099999999838 0.00000000099999999838 0.00000000099999999838 0.00000000099999999838 0.00000000099999999838 0.44707964844302117147 0.00000000099999999838 
0.00000000099999999850 0.00000000099999999850 0.58847330836938671617 0.00000000099999999850 0.00000000099999999850 0.00000000099999999850 0.00000000099999999850 0.00000000099999999850 0.00000000099999999850 0.00000000099999999850 0.41152668163061340012 0.00000000099999999850 
0.00000000099999999881 0.00000000099999999881 0.75877427432232014137 0.00000000099999999881 0.00000000099999999881 0.00000000099999999881 0.00000000099999999881 0.00000000099999999881 0.00000000099999999881 0.00000000099999999881 0.24122571567767978062 0.00000000099999999881 
0.00000000099999999871 0.00000000099999999871 0.77533456025481650720 0.00000000099999999871 0.00000000099999999871 0.00000000099999999871 0.00000000099999999871 0.00000000099999999871 0.00000000099999999871 0.00000000099999999871 0.22466542974518349807 0.00000000099999999871 
0.00000000099999999870 0.00000000099999999870 0.77447146926474363937 0.00000000099999999870 0.00000000099999999870 0.00000000099999999870 0.00000000099999999870 0.00000000099999999870 0.00000000099999999870 0.00000000099999999870 0.22552852073525653243 0.00000000099999999870 
0.00000000099999999891 0.00000000099999999891 0.67969077799536015139 0.00000000099999999891 0.00000000099999999891 0.00000000099999999891 0.00000000099999999891 0.00000000099999999891 0.00000000099999999891 0.00000000099999999891 0.32030921200463996490 0.00000000099999999891 
0.00000000099999999892 0.00000000099999999892 0.67711389378080610868 0.00000000099999999892 0.00000000099999999892 0.00000000099999999892 0.00000000099999999892 0.00000000099999999892 0.00000000099999999892 0.00000000099999999892 0.32288609621919406312 0.00000000099999999892 
0.00000000099999999894 0.00000000099999999894 0.66556404905251664861 0.00000000099999999894 0.00000000099999999894 0.00000000099999999894 0.00000000099999999894 0.00000000099999999894 0.00000000099999999894 0.00000000099999999894 0.33443594094748346768 0.00000000099999999894 
0.00000000099999999855 0.00000000099999999855 0.05527105690513778313 0.00000000099999999855 0.00000000099999999855 0.00000000099999999855 0.00000000099999999855 0.00000000099999999855 0.00000000099999999855 0.00000000099999999855 0.94472893309486216662 0.00000000099999999855 
0.00000000099999999847 0.00000000099999999847 0.55308831272608971474 0.00000000099999999847 0.00000000099999999847 0.00000000099999999847 0.00000000099999999847 0.00000000099999999847 0.00000000099999999847 0.00000000099999999847 0.44691167727391034603 0.00000000099999999847 
0.00000000099999999846 0.00000000099999999846 0.46072097727821376134 0.00000000099999999846 0.00000000099999999846 0.00000000099999999846 0.00000000099999999846 0.00000000099999999846 0.00000000099999999846 0.00000000099999999846 0.53927901272178602188 0.00000000099999999846 
0.00000000099999999842 0.00000000099999999842 0.51005919181510883664 0.00000000099999999842 0.00000000099999999842 0.00000000099999999842 0.00000000099999999842 0.00000000099999999842 0.00000000099999999842 0.00000000099999999842 0.48994079818489122413 0.00000000099999999842 
0.00000000099999999827 0.00000000099999999827 0.00000000099999999827 0.00000000099999999827 0.00000000099999999827 0.00000000099999999827 0.00000000099999999827 0.00000000099999999827 0.00000000099999999827 0.00000000099999999827 0.99999998899999986701 0.00000000099999999827 
0.00000000099999999837 0.00000000099999999837 0.24967740815979325153 0.00000000099999999837 0.00000000099999999837 0.00000000099999999837 0.00000000099999999837 0.00000000099999999837 0.00000000099999999837 0.00000000099999999837 0.75032258184020661496 0.00000000099999999837 
0.00000000099999999839 0.00000000099999999839 0.41827373083042984625 0.00000000099999999839 0.00000000099999999839 0.00000000099999999839 0.00000000099999999839 0.00000000099999999839 0.00000000099999999839 0.00000000099999999839 0.58172625916956977044 0.00000000099999999839 
0.00000000099999999843 0.00000000099999999843 0.42884834389580511749 0.00000000099999999843 0.00000000099999999843 0.00000000099999999843 0.00000000099999999843 0.00000000099999999843 0.00000000099999999843 0.00000000099999999843 0.57115164610419477675 0.00000000099999999843 
0.00000000099999999843 0.00000000099999999843 0.53890349405003701300 0.00000000099999999843 0.00000000099999999843 0.00000000099999999843 0.00000000099999999843 0.00000000099999999843 0.00000000099999999843 0.00000000099999999843 0.46109649594996293676 0.00000000099999999843 
0.00000000099999999836 0.00000000099999999836 0.48459476173993648596 0.00000000099999999836 0.00000000099999999836 0.00000000099999999836 0.00000000099999999836 0.00000000099999999836 0.00000000099999999836 0.00000000099999999836 0.51540522826006329726 0.00000000099999999836 
0.00000000099999999836 0.00000000099999999836 0.50001159079449986056 0.00000000099999999836 0.00000000099999999836 0.00000000099999999836 0.00000000099999999836 0.00000000099999999836 0.00000000099999999836 0.00000000099999999836 0.49998839920550025573 0.00000000099999999836 
0.00000000099999999844 0.00000000099999999844 0.49800544363958654248 0.00000000099999999844 0.00000000099999999844 0.00000000099999999844 0.00000000099999999844 0.00000000099999999844 0.00000000099999999844 0.00000000099999999844 0.50199454636041307420 0.00000000099999999844 
0.00000000099999999829 0.00000000099999999829 0.00000000099999999829 0.00000000099999999829 0.00000000099999999829 0.00000000099999999829 0.00000000099999999829 0.00000000099999999829 0.00000000099999999829 0.00000000099999999829 0.99999998899999986701 0.00000000099999999829 
0.00000000099999999903 0.00000000099999999903 0.61997772828392039290 0.00000000099999999903 0.00000000099999999903 0.00000000099999999903 0.00000000099999999903 0.00000000099999999903 0.00000000099999999903 0.00000000099999999903 0.38002226171607961236 0.00000000099999999903 
0.00000000099999999865 0.00000000099999999865 0.00249198612070116593 0.00000000099999999865 0.00000000099999999865 0.00000000099999999865 0.00000000099999999865 0.00000000099999999865 0.00000000099999999865 0.00000000099999999865 0.99750800387929872137 0.00000000099999999865 
0.00000000099999999842 0.00000000099999999842 0.56493881861724892790 0.00000000099999999842 0.00000000099999999842 0.00000000099999999842 0.00000000099999999842 0.00000000099999999842 0.00000000099999999842 0.00000000099999999842 0.43506117138275113287 0.00000000099999999842 
0.00000000099999999904 0.00000000099999999904 0.62696543464913445654 0.00000000099999999904 0.00000000099999999904 0.00000000099999999904 0.00000000099999999904 0.00000000099999999904 0.00000000099999999904 0.00000000099999999904 0.37303455535086565975 0.00000000099999999904 
0.00000000099999999840 0.00000000099999999840 0.33526833210044937328 0.00000000099999999840 0.00000000099999999840 0.00000000099999999840 0.00000000099999999840 0.00000000099999999840 0.00000000099999999840 0.00000000099999999840 0.66473165789955046545 0.00000000099999999840 
0.00000000099999999832 0.00000000099999999832 0.00000000099999999832 0.00000000099999999832 0.00000000099999999832 0.00000000099999999832 0.00000000099999999832 0.00000000099999999832 0.00000000099999999832 0.00000000099999999832 0.99999998899999986701 0.00000000099999999832 
0.00000000099999999852 0.00000000099999999852 0.33556049810782123677 0.00000000099999999852 0.00000000099999999852 0.00000000099999999852 0.00000000099999999852 0.00000000099999999852 0.00000000099999999852 0.00000000099999999852 0.66443949189217843543 0.00000000099999999852 
0.00000000099999999839 0.00000000099999999839 0.55262988394282053228 0.00000000099999999839 0.00000000099999999839 0.00000000099999999839 0.00000000099999999839 0.00000000099999999839 0.00000000099999999839 0.00000000099999999839 0.44737010605717947298 0.00000000099999999839 
0.00000000099999999838 0.00000000099999999838 0.30493385749478485458 0.00000000099999999838 0.00000000099999999838 0.00000000099999999838 0.00000000099999999838 0.00000000099999999838 0.00000000099999999838 0.00000000099999999838 0.69506613250521487313 0.00000000099999999838 
0.00000000099999999824 0.00000000099999999824 0.99999998900000008906 0.00000000099999999824 0.00000000099999999824 0.00000000099999999824 0.00000000099999999824 0.00000000099999999824 0.00000000099999999824 0.00000000099999999824 0.00000000099999999824 0.00000000099999999824 
0.00000000099999999843 0.00000000099999999843 0.58497640869843325895 0.00000000099999999843 0.00000000099999999843 0.00000000099999999843 0.00000000099999999843 0.00000000099999999843 0.00000000099999999843 0.00000000099999999843 0.41502358130156696836 0.00000000099999999843 
0.00000000099999999855 0.00000000099999999855 0.11435427911538682821 0.00000000099999999855 0.00000000099999999855 0.00000000099999999855 0.00000000099999999855 0.00000000099999999855 0.00000000099999999855 0.00000000099999999855 0.88564571088461307991 0.00000000099999999855 
0.00000000099999999825 0.00000000099999999825 0.00000000099999999825 0.00000000099999999825 0.00000000099999999825 0.00000000099999999825 0.00000000099999999825 0.00000000099999999825 0.00000000099999999825 0.00000000099999999825 0.99999998899999986701 0.00000000099999999825 
0.00000000099999999846 0.00000000099999999846 0.31882119555845567227 0.00000000099999999846 0.00000000099999999846 0.00000000099999999846 0.00000000099999999846 0.00000000099999999846 0.00000000099999999846 0.00000000099999999846 0.68117879444154405544 0.00000000099999999846 
0.00000000099999999840 0.00000000099999999840 0.51040305924453688302 0.00000000099999999840 0.00000000099999999840 0.00000000099999999840 0.00000000099999999840 0.00000000099999999840 0.00000000099999999840 0.00000000099999999840 0.48959693075546312224 0.00000000099999999840 
0.00000000099999999842 0.00000000099999999842 0.34919730171155677345 0.00000000099999999842 0.00000000099999999842 0.00000000099999999842 0.00000000099999999842 0.00000000099999999842 0.00000000099999999842 0.00000000099999999842 0.65080268828844312079 0.00000000099999999842 
0.00000000099999999898 0.00000000099999999898 0.55536965144709260489 0.00000000099999999898 0.00000000099999999898 0.00000000099999999898 0.00000000099999999898 0.00000000099999999898 0.00000000099999999898 0.00000000099999999898 0.44463033855290756691 0.00000000099999999898 
0.00000000099999999917 0.00000000099999999917 0.76764022397267905884 0.00000000099999999917 0.00000000099999999917 0.00000000099999999917 0.00000000099999999917 0.00000000099999999917 0.00000000099999999917 0.00000000099999999917 0.23235976602732097418 0.00000000099999999917 
0.00000000099999999833 0.00000000099999999833 0.95464879545040259856 0.00000000099999999833 0.00000000099999999833 0.00000000099999999833 0.00000000099999999833 0.00000000099999999833 0.00000000099999999833 0.00000000099999999833 0.04535119454959759405 0.00000000099999999833 
0.00000000099999999904 0.00000000099999999904 0.75406025808031829083 0.00000000099999999904 0.00000000099999999904 0.00000000099999999904 0.00000000099999999904 0.00000000099999999904 0.00000000099999999904 0.00000000099999999904 0.24593973191968182546 0.00000000099999999904 
0.00000000099999999829 0.00000000099999999829 0.98670484493012355909 0.00000000099999999829 0.00000000099999999829 0.00000000099999999829 0.00000000099999999829 0.00000000099999999829 0.00000000099999999829 0.00000000099999999829 0.01329514506987651556 0.00000000099999999829 
0.00000000099999999828 0.00000000099999999828 0.99995389830225456240 0.00000000099999999828 0.00000000099999999828 0.00000000099999999828 0.00000000099999999828 0.00000000099999999828 0.00000000099999999828 0.00000000099999999828 0.00004609169774555039 0.00000000099999999828 
0.00000000099999999830 0.00000000099999999830 0.93228665123310061613 0.00000000099999999830 0.00000000099999999830 0.00000000099999999830 0.00000000099999999830 0.00000000099999999830 0.00000000099999999830 0.00000000099999999830 0.06771333876689943077 0.00000000099999999830 
0.00000000099999999827 0.00000000099999999827 0.99999998900000008906 0.00000000099999999827 0.00000000099999999827 0.00000000099999999827 0.00000000099999999827 0.00000000099999999827 0.00000000099999999827 0.00000000099999999827 0.00000000099999999827 0.00000000099999999827 
0.00000000099999999830 0.00000000099999999830 0.99243178556721378669 0.00000000099999999830 0.00000000099999999830 0.00000000099999999830 0.00000000099999999830 0.00000000099999999830 0.00000000099999999830 0.00000000099999999830 0.00756820443278634694 0.00000000099999999830 
0.00000000099999999827 0.00000000099999999827 0.99999998899999997803 0.00000000099999999827 0.00000000099999999827 0.00000000099999999827 0.00000000099999999827 0.00000000099999999827 0.00000000099999999827 0.00000000099999999827 0.00000000099999999827 0.00000000099999999827 
0.00000000099999999832 0.00000000099999999832 0.98314089103955459858 0.00000000099999999832 0.00000000099999999832 0.00000000099999999832 0.00000000099999999832 0.00000000099999999832 0.00000000099999999832 0.00000000099999999832 0.01685909896044543443 0.00000000099999999832 
0.00000000099999999830 0.00000000099999999830 0.98681646605792672222 0.00000000099999999830 0.00000000099999999830 0.00000000099999999830 0.00000000099999999830 0.00000000099999999830 0.00000000099999999830 0.00000000099999999830 0.01318352394207340621 0.00000000099999999830 
0.00000000099999999843 0.00000000099999999843 0.98671152722492427856 0.00000000099999999843 0.00000000099999999843 0.00000000099999999843 0.00000000099999999843 0.00000000099999999843 0.00000000099999999843 0.00000000099999999843 0.01328846277507579610 0.00000000099999999843 
0.00000000099999999832 0.00000000099999999832 0.96416585831396206530 0.00000000099999999832 0.00000000099999999832 0.00000000099999999832 0.00000000099999999832 0.00000000099999999832 0.00000000099999999832 0.00000000099999999832 0.03583413168603810650 0.00000000099999999832 
0.00000000099999999829 0.00000000099999999829 0.99171771867139602019 0.00000000099999999829 0.00000000099999999829 0.00000000099999999829 0.00000000099999999829 0.00000000099999999829 0.00000000099999999829 0.00000000099999999829 0.00828227132860401283 0.00000000099999999829 
0.00000000099999999830 0.00000000099999999830 0.98844219203524696926 0.00000000099999999830 0.00000000099999999830 0.00000000099999999830 0.00000000099999999830 0.00000000099999999830 0.00000000099999999830 0.00000000099999999830 0.01155779796475300825 0.00000000099999999830 
0.00000000099999999832 0.00000000099999999832 0.95846033715684997301 0.00000000099999999832 0.00000000099999999832 0.00000000099999999832 0.00000000099999999832 0.00000000099999999832 0.00000000099999999832 0.00000000099999999832 0.04153965284315015022 0.00000000099999999832 
0.00000000099999999835 0.00000000099999999835 0.94381883029915014660 0.00000000099999999835 0.00000000099999999835 0.00000000099999999835 0.00000000099999999835 0.00000000099999999835 0.00000000099999999835 0.00000000099999999835 0.05618115970084983091 0.00000000099999999835 
0.00000000099999999830 0.00000000099999999830 0.97901110101777122363 0.00000000099999999830 0.00000000099999999830 0.00000000099999999830 0.00000000099999999830 0.00000000099999999830 0.00000000099999999830 0.00000000099999999830 0.02098888898222885796 0.00000000099999999830 
0.00000000099999999825 0.00000000099999999825 0.99999998899999997803 0.00000000099999999825 0.00000000099999999825 0.00000000099999999825 0.00000000099999999825 0.00000000099999999825 0.00000000099999999825 0.00000000099999999825 0.00000000099999999825 0.00000000099999999825 
0.00000000099999999827 0.00000000099999999827 0.99999998900000008906 0.00000000099999999827 0.00000000099999999827 0.00000000099999999827 0.00000000099999999827 0.00000000099999999827 0.00000000099999999827 0.00000000099999999827 0.00000000099999999827 0.00000000099999999827 
0.00000000099999999827 0.00000000099999999827 0.99997938928871965558 0.00000000099999999827 0.00000000099999999827 0.00000000099999999827 0.00000000099999999827 0.00000000099999999827 0.00000000099999999827 0.00000000099999999827 0.00002060071128031515 0.00000000099999999827 
0.00000000099999999829 0.00000000099999999829 0.98520858100122554735 0.00000000099999999829 0.00000000099999999829 0.00000000099999999829 0.00000000099999999829 0.00000000099999999829 0.00000000099999999829 0.00000000099999999829 0.01479140899877440934 0.00000000099999999829 
0.00000000099999999832 0.00000000099999999832 0.94848557943748157406 0.00000000099999999832 0.00000000099999999832 0.00000000099999999832 0.00000000099999999832 0.00000000099999999832 0.00000000099999999832 0.00000000099999999832 0.05151441056251851447 0.00000000099999999832 
0.00000000099999999906 0.00000000099999999906 0.86257225851235119762 0.00000000099999999906 0.00000000099999999906 0.00000000099999999906 0.00000000099999999906 0.00000000099999999906 0.00000000099999999906 0.00000000099999999906 0.13742773148764886315 0.00000000099999999906 
0.00000000099999999829 0.00000000099999999829 0.99627458946911684468 0.00000000099999999829 0.00000000099999999829 0.00000000099999999829 0.00000000099999999829 0.00000000099999999829 0.00000000099999999829 0.00000000099999999829 0.00372540053088333016 0.00000000099999999829 
0.00000000099999999903 0.00000000099999999903 0.60506889080073456011 0.00000000099999999903 0.00000000099999999903 0.00000000099999999903 0.00000000099999999903 0.00000000099999999903 0.00000000099999999903 0.00000000099999999903 0.39493109919926550067 0.00000000099999999903 
0.00000000099999999826 0.00000000099999999826 0.99999998900000008906 0.00000000099999999826 0.00000000099999999826 0.00000000099999999826 0.00000000099999999826 0.00000000099999999826 0.00000000099999999826 0.00000000099999999826 0.00000000099999999826 0.00000000099999999826 
0.00000000099999999829 0.00000000099999999829 0.99255466044875917397 0.00000000099999999829 0.00000000099999999829 0.00000000099999999829 0.00000000099999999829 0.00000000099999999829 0.00000000099999999829 0.00000000099999999829 0.00744532955124083823 0.00000000099999999829 
0.00000000099999999829 0.00000000099999999829 0.99999998900000008906 0.00000000099999999829 0.00000000099999999829 0.00000000099999999829 0.00000000099999999829 0.00000000099999999829 0.00000000099999999829 0.00000000099999999829 0.00000000099999999829 0.00000000099999999829 
0.00000000099999999934 0.00000000099999999934 0.99909541567697024433 0.00000000099999999934 0.00000000099999999934 0.00000000099999999934 0.00000000099999999934 0.00000000099999999934 0.00000000099999999934 0.00000000099999999934 0.00090457432303000487 0.00000000099999999934 
0.00000000099999999841 0.00000000099999999841 0.38034011331344530493 0.00000000099999999841 0.00000000099999999841 0.00000000099999999841 0.00000000099999999841 0.00000000099999999841 0.00000000099999999841 0.00000000099999999841 0.61965987668655442278 0.00000000099999999841 
0.00000000099999999892 0.00000000099999999892 0.71871048037898233041 0.00000000099999999892 0.00000000099999999892 0.00000000099999999892 0.00000000099999999892 0.00000000099999999892 0.00000000099999999892 0.00000000099999999892 0.28128950962101778588 0.00000000099999999892 
0.00000000099999999887 0.00000000099999999887 0.72722597589361026582 0.00000000099999999887 0.00000000099999999887 0.00000000099999999887 0.00000000099999999887 0.00000000099999999887 0.00000000099999999887 0.00000000099999999887 0.27277401410638968393 0.00000000099999999887 
0.00000000099999999891 0.00000000099999999891 0.73738885309765855869 0.00000000099999999891 0.00000000099999999891 0.00000000099999999891 0.00000000099999999891 0.00000000099999999891 0.00000000099999999891 0.00000000099999999891 0.26261113690234150209 0.00000000099999999891 
0.00000000099999999891 0.00000000099999999891 0.71409974883514026889 0.00000000099999999891 0.00000000099999999891 0.00000000099999999891 0.00000000099999999891 0.00000000099999999891 0.00000000099999999891 0.00000000099999999891 0.28590024116485990291 0.00000000099999999891 
0.00000000099999999894 0.00000000099999999894 0.73664872890474619727 0.00000000099999999894 0.00000000099999999894 0.00000000099999999894 0.00000000099999999894 0.00000000099999999894 0.00000000099999999894 0.00000000099999999894 0.26335126109525386351 0.00000000099999999894 
0.00000000099999999830 0.00000000099999999830 0.98733354009566420828 0.00000000099999999830 0.00000000099999999830 0.00000000099999999830 0.00000000099999999830 0.00000000099999999830 0.00000000099999999830 0.00000000099999999830 0.01266644990433590801 0.00000000099999999830 
0.00000000099999999833 0.00000000099999999833 0.92627937227959034061 0.00000000099999999833 0.00000000099999999833 0.00000000099999999833 0.00000000099999999833 0.00000000099999999833 0.00000000099999999833 0.00000000099999999833 0.07372061772040976180 0.00000000099999999833 
0.00000000099999999833 0.00000000099999999833 0.91423848344202474081 0.00000000099999999833 0.00000000099999999833 0.00000000099999999833 0.00000000099999999833 0.00000000099999999833 0.00000000099999999833 0.00000000099999999833 0.08576150655797527833 0.00000000099999999833 
0.00000000099999999832 0.00000000099999999832 0.93533763289097449078 0.00000000099999999832 0.00000000099999999832 0.00000000099999999832 0.00000000099999999832 0.00000000099999999832 0.00000000099999999832 0.00000000099999999832 0.06466235710902551448 0.00000000099999999832 
0.00000000099999999832 0.00000000099999999832 0.98080046698492984181 0.00000000099999999832 0.00000000099999999832 0.00000000099999999832 0.00000000099999999832 0.00000000099999999832 0.00000000099999999832 0.00000000099999999832 0.01919952301507020509 0.00000000099999999832 
0.00000000099999999831 0.00000000099999999831 0.99635682124817237515 0.00000000099999999831 0.00000000099999999831 0.00000000099999999831 0.00000000099999999831 0.00000000099999999831 0.00000000099999999831 0.00000000099999999831 0.00364316875182771642 0.00000000099999999831 
0.00000000099999999830 0.00000000099999999830 0.99489944896251569784 0.00000000099999999830 0.00000000099999999830 0.00000000099999999830 0.00000000099999999830 0.00000000099999999830 0.00000000099999999830 0.00000000099999999830 0.00510054103748428314 0.00000000099999999830 
0.00000000099999999828 0.00000000099999999828 0.98616883753451767269 0.00000000099999999828 0.00000000099999999828 0.00000000099999999828 0.00000000099999999828 0.00000000099999999828 0.00000000099999999828 0.00000000099999999828 0.01383115246548247135 0.00000000099999999828 
0.00000000099999999830 0.00000000099999999830 0.98856657460902108703 0.00000000099999999830 0.00000000099999999830 0.00000000099999999830 0.00000000099999999830 0.00000000099999999830 0.00000000099999999830 0.00000000099999999830 0.01143341539097894946 0.00000000099999999830 
0.00000000099999999854 0.00000000099999999854 0.54104474094567456266 0.00000000099999999854 0.00000000099999999854 0.00000000099999999854 0.00000000099999999854 0.00000000099999999854 0.00000000099999999854 0.00000000099999999854 0.45895524905432555363 0.00000000099999999854 
0.00000000099999999826 0.00000000099999999826 0.99999998899999997803 0.00000000099999999826 0.00000000099999999826 0.00000000099999999826 0.00000000099999999826 0.00000000099999999826 0.00000000099999999826 0.00000000099999999826 0.00000000099999999826 0.00000000099999999826 
0.00000000099999999858 0.00000000099999999858 0.10545473580225422916 0.00000000099999999858 0.00000000099999999858 0.00000000099999999858 0.00000000099999999858 0.00000000099999999858 0.00000000099999999858 0.00000000099999999858 0.89454525419774577610 0.00000000099999999858 
0.00000000099999999828 0.00000000099999999828 0.99999998900000008906 0.00000000099999999828 0.00000000099999999828 0.00000000099999999828 0.00000000099999999828 0.00000000099999999828 0.00000000099999999828 0.00000000099999999828 0.00000000099999999828 0.00000000099999999828 
0.00000000099999999858 0.00000000099999999858 0.51544701937277503934 0.00000000099999999858 0.00000000099999999858 0.00000000099999999858 0.00000000099999999858 0.00000000099999999858 0.00000000099999999858 0.00000000099999999858 0.48455297062722502144 0.00000000099999999858 
0.00000000099999999829 0.00000000099999999829 0.99999998900000008906 0.00000000099999999829 0.00000000099999999829 0.00000000099999999829 0.00000000099999999829 0.00000000099999999829 0.00000000099999999829 0.00000000099999999829 0.00000000099999999829 0.00000000099999999829 
0.00000000099999999840 0.00000000099999999840 0.56622789587027522185 0.00000000099999999840 0.00000000099999999840 0.00000000099999999840 0.00000000099999999840 0.00000000099999999840 0.00000000099999999840 0.00000000099999999840 0.43377209412972478342 0.00000000099999999840 
0.00000000099999999842 0.00000000099999999842 0.56493317405340814918 0.00000000099999999842 0.00000000099999999842 0.00000000099999999842 0.00000000099999999842 0.00000000099999999842 0.00000000099999999842 0.00000000099999999842 0.43506681594659180057 0.00000000099999999842 
0.00000000099999999838 0.00000000099999999838 0.00000000099999999838 0.00000000099999999838 0.00000000099999999838 0.00000000099999999838 0.00000000099999999838 0.00000000099999999838 0.00000000099999999838 0.00000000099999999838 0.99999998899999997803 0.00000000099999999838 
0.00000000099999999845 0.00000000099999999845 0.71797659743781383490 0.00000000099999999845 0.00000000099999999845 0.00000000099999999845 0.00000000099999999845 0.00000000099999999845 0.00000000099999999845 0.00000000099999999845 0.28202339256218622587 0.00000000099999999845 
0.00000000099999999836 0.00000000099999999836 0.00000000099999999836 0.00000000099999999836 0.00000000099999999836 0.00000000099999999836 0.00000000099999999836 0.00000000099999999836 0.00000000099999999836 0.00000000099999999836 0.99999998899999997803 0.00000000099999999836 
0.00000000099999999844 0.00000000099999999844 0.45336781998350134115 0.00000000099999999844 0.00000000099999999844 0.00000000099999999844 0.00000000099999999844 0.00000000099999999844 0.00000000099999999844 0.00000000099999999844 0.54663217001649844207 0.00000000099999999844 
0.00000000099999999841 0.00000000099999999841 0.45039296635293657456 0.00000000099999999841 0.00000000099999999841 0.00000000099999999841 0.00000000099999999841 0.00000000099999999841 0.00000000099999999841 0.00000000099999999841 0.54960702364706326417 0.00000000099999999841 
0.00000000099999999830 0.00000000099999999830 0.00000000099999999830 0.00000000099999999830 0.00000000099999999830 0.00000000099999999830 0.00000000099999999830 0.00000000099999999830 0.00000000099999999830 0.00000000099999999830 0.99999998899999997803 0.00000000099999999830 
0.00000000099999999897 0.00000000099999999897 0.72127079234765900662 0.00000000099999999897 0.00000000099999999897 0.00000000099999999897 0.00000000099999999897 0.00000000099999999897 0.00000000099999999897 0.00000000099999999897 0.27872919765234105416 0.00000000099999999897 
0.00000000099999999899 0.00000000099999999899 0.72420040593864276612 0.00000000099999999899 0.00000000099999999899 0.00000000099999999899 0.00000000099999999899 0.00000000099999999899 0.00000000099999999899 0.00000000099999999899 0.27579958406135712812 0.00000000099999999899 
0.00000000099999999884 0.00000000099999999884 0.91447975823970928388 0.00000000099999999884 0.00000000099999999884 0.00000000099999999884 0.00000000099999999884 0.00000000099999999884 0.00000000099999999884 0.00000000099999999884 0.08552023176029072138 0.00000000099999999884 
0.00000000099999999886 0.00000000099999999886 0.91229397253532418244 0.00000000099999999886 0.00000000099999999886 0.00000000099999999886 0.00000000099999999886 0.00000000099999999886 0.00000000099999999886 0.00000000099999999886 0.08770601746467579507 0.00000000099999999886 
0.00000000099999999841 0.00000000099999999841 0.00000000099999999841 0.00000000099999999841 0.00000000099999999841 0.00000000099999999841 0.00000000099999999841 0.00000000099999999841 0.00000000099999999841 0.00000000099999999841 0.99999998899999997803 0.00000000099999999841 
0.00000000099999999896 0.00000000099999999896 0.73136285873907203037 0.00000000099999999896 0.00000000099999999896 0.00000000099999999896 0.00000000099999999896 0.00000000099999999896 0.00000000099999999896 0.00000000099999999896 0.26863713126092803041 0.00000000099999999896 
0.00000000099999999893 0.00000000099999999893 0.86993670301420200630 0.00000000099999999893 0.00000000099999999893 0.00000000099999999893 0.00000000099999999893 0.00000000099999999893 0.00000000099999999893 0.00000000099999999893 0.13006328698579802672 0.00000000099999999893 
0.00000000099999999833 0.00000000099999999833 0.00000000099999999833 0.00000000099999999833 0.00000000099999999833 0.00000000099999999833 0.00000000099999999833 0.00000000099999999833 0.00000000099999999833 0.00000000099999999833 0.99999998899999997803 0.00000000099999999833 
0.00000000099999999882 0.00000000099999999882 0.83335380538987435806 0.00000000099999999882 0.00000000099999999882 0.00000000099999999882 0.00000000099999999882 0.00000000099999999882 0.00000000099999999882 0.00000000099999999882 0.16664618461012570272 0.00000000099999999882 
0.00000000099999999895 0.00000000099999999895 0.89409225843924711175 0.00000000099999999895 0.00000000099999999895 0.00000000099999999895 0.00000000099999999895 0.00000000099999999895 0.00000000099999999895 0.00000000099999999895 0.10590773156075304617 0.00000000099999999895 
0.00000000099999999854 0.00000000099999999854 0.54628620679404649163 0.00000000099999999854 0.00000000099999999854 0.00000000099999999854 0.00000000099999999854 0.00000000099999999854 0.00000000099999999854 0.00000000099999999854 0.45371378320595368017 0.00000000099999999854 
0.00000000099999999838 0.00000000099999999838 0.00000000099999999838 0.00000000099999999838 0.00000000099999999838 0.00000000099999999838 0.00000000099999999838 0.00000000099999999838 0.00000000099999999838 0.00000000099999999838 0.99999998899999986701 0.00000000099999999838 
0.00000000099999999842 0.00000000099999999842 0.10363198826686098597 0.00000000099999999842 0.00000000099999999842 0.00000000099999999842 0.00000000099999999842 0.00000000099999999842 0.00000000099999999842 0.00000000099999999842 0.89636800173313890827 0.00000000099999999842 
0.00000000099999999831 0.00000000099999999831 0.00000000099999999831 0.00000000099999999831 0.00000000099999999831 0.00000000099999999831 0.00000000099999999831 0.00000000099999999831 0.00000000099999999831 0.00000000099999999831 0.99999998899999986701 0.00000000099999999831 
0.00000000099999999828 0.00000000099999999828 0.00000000099999999828 0.00000000099999999828 0.00000000099999999828 0.00000000099999999828 0.00000000099999999828 0.00000000099999999828 0.00000000099999999828 0.00000000099999999828 0.99999998899999986701 0.00000000099999999828 
0.00000000099999999840 0.00000000099999999840 0.53027962572465336955 0.00000000099999999840 0.00000000099999999840 0.00000000099999999840 0.00000000099999999840 0.00000000099999999840 0.00000000099999999840 0.00000000099999999840 0.46972036427534685776 0.00000000099999999840 
0.00000000099999999831 0.00000000099999999831 0.00000000099999999831 0.00000000099999999831 0.00000000099999999831 0.00000000099999999831 0.00000000099999999831 0.00000000099999999831 0.00000000099999999831 0.00000000099999999831 0.99999998899999997803 0.00000000099999999831 
0.00000000099999999832 0.00000000099999999832 0.10517441616649332581 0.00000000099999999832 0.00000000099999999832 0.00000000099999999832 0.00000000099999999832 0.00000000099999999832 0.00000000099999999832 0.00000000099999999832 0.89482557383350647129 0.00000000099999999832 
0.00000000099999999830 0.00000000099999999830 0.00000000099999999830 0.00000000099999999830 0.00000000099999999830 0.00000000099999999830 0.00000000099999999830 0.00000000099999999830 0.00000000099999999830 0.00000000099999999830 0.99999998899999997803 0.00000000099999999830 
0.00000000099999999837 0.00000000099999999837 0.11707397369674167609 0.00000000099999999837 0.00000000099999999837 0.00000000099999999837 0.00000000099999999837 0.00000000099999999837 0.00000000099999999837 0.00000000099999999837 0.88292601630325828754 0.00000000099999999837 
0.00000000099999999894 0.00000000099999999894 0.65517603378089628308 0.00000000099999999894 0.00000000099999999894 0.00000000099999999894 0.00000000099999999894 0.00000000099999999894 0.00000000099999999894 0.00000000099999999894 0.34482395621910383321 0.00000000099999999894 
0.00000000099999999867 0.00000000099999999867 0.40242511893957877422 0.00000000099999999867 0.00000000099999999867 0.00000000099999999867 0.00000000099999999867 0.00000000099999999867 0.00000000099999999867 0.00000000099999999867 0.59757487106042095348 0.00000000099999999867 
0.00000000099999999824 0.00000000099999999824 0.00000000099999999824 0.00000000099999999824 0.00000000099999999824 0.00000000099999999824 0.00000000099999999824 0.00000000099999999824 0.00000000099999999824 0.00000000099999999824 0.99999998899999986701 0.00000000099999999824 
0.00000000099999999846 0.00000000099999999846 0.44794181143545397372 0.00000000099999999846 0.00000000099999999846 0.00000000099999999846 0.00000000099999999846 0.00000000099999999846 0.00000000099999999846 0.00000000099999999846 0.55205817856454575399 0.00000000099999999846 
0.00000000099999999839 0.00000000099999999839 0.71061187334652831105 0.00000000099999999839 0.00000000099999999839 0.00000000099999999839 0.00000000099999999839 0.00000000099999999839 0.00000000099999999839 0.00000000099999999839 0.28938811665347174973 0.00000000099999999839 
0.00000000099999999837 0.00000000099999999837 0.00000000099999999837 0.00000000099999999837 0.00000000099999999837 0.00000000099999999837 0.00000000099999999837 0.00000000099999999837 0.00000000099999999837 0.00000000099999999837 0.99999998899999997803 0.00000000099999999837 
0.00000000099999999891 0.00000000099999999891 0.65552030997046562000 0.00000000099999999891 0.00000000099999999891 0.00000000099999999891 0.00000000099999999891 0.00000000099999999891 0.00000000099999999891 0.00000000099999999891 0.34447968002953427424 0.00000000099999999891 
0.00000000099999999849 0.00000000099999999849 0.54967120427345483868 0.00000000099999999849 0.00000000099999999849 0.00000000099999999849 0.00000000099999999849 0.00000000099999999849 0.00000000099999999849 0.00000000099999999849 0.45032878572654516658 0.00000000099999999849 
0.00000000099999999835 0.00000000099999999835 0.00000000099999999835 0.00000000099999999835 0.00000000099999999835 0.00000000099999999835 0.00000000099999999835 0.00000000099999999835 0.00000000099999999835 0.00000000099999999835 0.99999998899999997803 0.00000000099999999835 
0.00000000099999999896 0.00000000099999999896 0.72647814876713734389 0.00000000099999999896 0.00000000099999999896 0.00000000099999999896 0.00000000099999999896 0.00000000099999999896 0.00000000099999999896 0.00000000099999999896 0.27352184123286277240 0.00000000099999999896 
0.00000000099999999848 0.00000000099999999848 0.61578640013723129343 0.00000000099999999848 0.00000000099999999848 0.00000000099999999848 0.00000000099999999848 0.00000000099999999848 0.00000000099999999848 0.00000000099999999848 0.38421358986276876735 0.00000000099999999848 
