0.00000000099999999924 0.00000000099999999924 0.00000000099999999924 0.00000000099999999924 0.24478303655402419703 0.00000000099999999924 0.00000000099999999924 0.00000000099999999924 0.00000000099999999924 0.00000000099999999924 0.00000000099999999924 0.00000000099999999924 0.00000000099999999924 0.00000000099999999924 0.00000000099999999924 0.00000000099999999924 0.15237733686198709493 0.60283961158398868818 
0.00000000099999999921 0.00000000099999999921 0.00000000099999999921 0.00000000099999999921 0.00357582031192406422 0.00000000099999999921 0.00000000099999999921 0.00000000099999999921 0.58961927404010539000 0.00000000099999999921 0.00000000099999999921 0.00000000099999999921 0.00000000099999999921 0.00000000099999999921 0.00000000099999999921 0.18783576712603647363 0.21896912452193406651 0.00000000099999999921 
0.00000000099999999754 0.00000000099999999754 0.00000000099999999754 0.00000000099999999754 0.00000000099999999754 0.00000000099999999754 0.00000000099999999754 0.00000000099999999754 0.00000000099999999754 0.99999998300000003670 0.00000000099999999754 0.00000000099999999754 0.00000000099999999754 0.00000000099999999754 0.00000000099999999754 0.00000000099999999754 0.00000000099999999754 0.00000000099999999754 
0.00000000099999999758 0.00000000099999999758 0.00000000099999999758 0.99999998300000003670 0.00000000099999999758 0.00000000099999999758 0.00000000099999999758 0.00000000099999999758 0.00000000099999999758 0.00000000099999999758 0.00000000099999999758 0.00000000099999999758 0.00000000099999999758 0.00000000099999999758 0.00000000099999999758 0.00000000099999999758 0.00000000099999999758 0.00000000099999999758 
0.00000000099999999738 0.00000000099999999738 0.00000000099999999738 0.00000000099999999738 0.00000000099999999738 0.00000000099999999738 0.00000000099999999738 0.00000000099999999738 0.00000000099999999738 0.00000000099999999738 0.00000000099999999738 0.99999998299999992568 0.00000000099999999738 0.00000000099999999738 0.00000000099999999738 0.00000000099999999738 0.00000000099999999738 0.00000000099999999738 
0.06059328390791984820 0.02266702479561346142 0.07562710836097875922 0.03177998274482475571 0.17650503292451433235 0.02370758824146586285 0.03595225016815981750 0.00139589305383901446 0.04257322775673234166 0.02901601909954317979 0.11828907619684404795 0.15910819896661371198 0.00016239561923044269 0.05458693453860137546 0.00365799336622056690 0.14114902227139997093 0.00000000099999999999 0.02322896698749857963 
0.02502931115911185764 0.00000000099999999989 0.18874637634957250332 0.04295463873898716645 0.05513790175127244314 0.00000000099999999989 0.00000000099999999989 0.03093356787670403091 0.00000000099999999989 0.00000000099999999989 0.47763144225884962557 0.00000000099999999989 0.00000000099999999989 0.07949627321221473808 0.00000000099999999989 0.00000000099999999989 0.10007047865328760894 0.00000000099999999989 
0.11669361149076681872 0.21113858996630108233 0.14566396545057669343 0.01446973839344740768 0.00000000099999999997 0.00998673777766488462 0.04456819884865481640 0.09136989994274409554 0.01955257658744371727 0.01865851264980546848 0.06962976892551576980 0.03218068085946074880 0.02161926787596606808 0.09361855177434615094 0.11084989545730608573 0.00000000099999999997 0.00000000099999999997 0.00000000099999999997 
0.00000000099999999923 0.00000000099999999923 0.00000000099999999923 0.00000000099999999923 0.00000000099999999923 0.00000000099999999923 0.00000000099999999923 0.00000000099999999923 0.00000000099999999923 0.52927901135319310733 0.00000000099999999923 0.00000000099999999923 0.00000000099999999923 0.00000000099999999923 0.00000000099999999923 0.25423683341619723874 0.21648414023060968958 0.00000000099999999923 
0.00000000099999999789 0.00000000099999999789 0.00000000099999999789 0.00000000099999999789 0.00000000099999999789 0.00000000099999999789 0.00000000099999999789 0.99999998299999992568 0.00000000099999999789 0.00000000099999999789 0.00000000099999999789 0.00000000099999999789 0.00000000099999999789 0.00000000099999999789 0.00000000099999999789 0.00000000099999999789 0.00000000099999999789 0.00000000099999999789 
0.00000000099999999913 0.00000000099999999913 0.00000000099999999913 0.35187768845277750396 0.26066183726925284958 0.00000000099999999913 0.00000000099999999913 0.00000000099999999913 0.00000000099999999913 0.00000000099999999913 0.00000000099999999913 0.00000000099999999913 0.00000000099999999913 0.00000000099999999913 0.00000000099999999913 0.06447793977273544308 0.32298252050523423851 0.00000000099999999913 
0.00000000099999999774 0.00000000099999999774 0.00000000099999999774 0.00000000099999999774 0.44587351115889350961 0.00000000099999999774 0.00000000099999999774 0.00000000099999999774 0.00000000099999999774 0.00000000099999999774 0.00000000099999999774 0.00000000099999999774 0.00000000099999999774 0.00000000099999999774 0.00000000099999999774 0.07656737903938432011 0.47755909480172187287 0.00000000099999999774 
0.01853174385876722036 0.01573043844059804700 0.02146796453472904487 0.00040575323936417341 0.21330820836342279101 0.00845904097416623826 0.00742702887978749851 0.01871609678328346044 0.00507689313383385445 0.01350906297288894872 0.01300660356666859252 0.00821717098994030615 0.00311882180331341788 0.00837219998959293395 0.00404003349969768877 0.16169524745778088293 0.46644120154619295171 0.01247648996597200757 
0.01783280123795244476 0.01315319051429356817 0.02247568525728483105 0.00085328970705362357 0.00076759209273200024 0.00597323297265320036 0.00928302756877656329 0.01857903142289617920 0.00419553592243698988 0.01372256603769525865 0.01277092785233764974 0.00449086394340306606 0.00751524519992355713 0.00849466449617038329 0.00227376810417874876 0.41315224420557383755 0.43114960311901401324 0.01331673034562411151 
0.02193792831899605764 0.01955220958275720802 0.02536828435601036144 0.00103298220770503026 0.00004826071737255060 0.00914317245746006785 0.01002142794992666973 0.02187550948088688371 0.00565570082048573366 0.01764033807715682800 0.01814915168037578574 0.00859561648510422799 0.00431255829351922561 0.01068342984256151831 0.00273094194401593722 0.41110059297096340769 0.39536024568433136839 0.01679164913037101831 
0.00000000099999999927 0.00000000099999999927 0.00000000099999999927 0.00000000099999999927 0.25936722857742905424 0.00000000099999999927 0.00000000099999999927 0.00000000099999999927 0.00000000099999999927 0.00000000099999999927 0.00000000099999999927 0.00000000099999999927 0.00000000099999999927 0.44234918455855770647 0.00000000099999999927 0.24920318215617814905 0.04908039070783468821 0.00000000099999999927 
0.00000000099999999760 0.00000000099999999760 0.00000000099999999760 0.00000000099999999760 0.38491871744791744669 0.00000000099999999760 0.00000000099999999760 0.00000000099999999760 0.00000000099999999760 0.00000000099999999760 0.00000000099999999760 0.00000000099999999760 0.00000000099999999760 0.00000000099999999760 0.00000000099999999760 0.25938718895229573302 0.35569407859978652287 0.00000000099999999760 
0.00000000099999999776 0.00000000099999999776 0.00000000099999999776 0.00000000099999999776 0.41616000876975456357 0.00000000099999999776 0.00000000099999999776 0.00000000099999999776 0.00000000099999999776 0.00000000099999999776 0.00000000099999999776 0.00000000099999999776 0.00000000099999999776 0.00000000099999999776 0.00000000099999999776 0.23444359957308874565 0.34939637665715639336 0.00000000099999999776 
0.00000000099999999805 0.00000000099999999805 0.00000000099999999805 0.00000000099999999805 0.62470700186036354218 0.00000000099999999805 0.00000000099999999805 0.00000000099999999805 0.00000000099999999805 0.00000000099999999805 0.00000000099999999805 0.00000000099999999805 0.00000000099999999805 0.00000000099999999805 0.00000000099999999805 0.00000000099999999805 0.37529298213963679931 0.00000000099999999805 
0.00000000099999999791 0.00000000099999999791 0.00000000099999999791 0.00000000099999999791 0.63172759304253967017 0.00000000099999999791 0.00000000099999999791 0.00000000099999999791 0.00000000099999999791 0.00000000099999999791 0.00000000099999999791 0.00000000099999999791 0.00000000099999999791 0.00000000099999999791 0.00000000099999999791 0.00000000099999999791 0.36827239095746056030 0.00000000099999999791 
0.00000000099999999790 0.00000000099999999790 0.00000000099999999790 0.00000000099999999790 0.63119881519888088039 0.00000000099999999790 0.00000000099999999790 0.00000000099999999790 0.00000000099999999790 0.00000000099999999790 0.00000000099999999790 0.00000000099999999790 0.00000000099999999790 0.00000000099999999790 0.00000000099999999790 0.00000000099999999790 0.36880116880111929456 0.00000000099999999790 
0.00000000099999999808 0.00000000099999999808 0.00000000099999999808 0.00000000099999999808 0.52855505670410773966 0.00000000099999999808 0.00000000099999999808 0.00000000099999999808 0.00000000099999999808 0.00000000099999999808 0.00000000099999999808 0.00000000099999999808 0.00000000099999999808 0.00000000099999999808 0.00000000099999999808 0.00000000099999999808 0.47144492729589254632 0.00000000099999999808 
0.00000000099999999809 0.00000000099999999809 0.00000000099999999809 0.00000000099999999809 0.52611740071628365634 0.00000000099999999809 0.00000000099999999809 0.00000000099999999809 0.00000000099999999809 0.00000000099999999809 0.00000000099999999809 0.00000000099999999809 0.00000000099999999809 0.00000000099999999809 0.00000000099999999809 0.00000000099999999809 0.47388258328371662964 0.00000000099999999809 
0.00000000099999999817 0.00000000099999999817 0.00000000099999999817 0.00000000099999999817 0.54629479051053575489 0.00000000099999999817 0.00000000099999999817 0.00000000099999999817 0.00000000099999999817 0.00000000099999999817 0.00000000099999999817 0.00000000099999999817 0.00000000099999999817 0.00000000099999999817 0.00000000099999999817 0.00000000099999999817 0.45370519348946453109 0.00000000099999999817 
0.00000000099999999770 0.00000000099999999770 0.00000000099999999770 0.00000000099999999770 0.00000000099999999770 0.00000000099999999770 0.00000000099999999770 0.00000000099999999770 0.00000000099999999770 0.00000000099999999770 0.00000000099999999770 0.00000000099999999770 0.00000000099999999770 0.00000000099999999770 0.00000000099999999770 0.43716284062530635923 0.56283714337469359368 0.00000000099999999770 
0.00000000099999999772 0.00000000099999999772 0.00000000099999999772 0.00000000099999999772 0.40788877904290526955 0.00000000099999999772 0.00000000099999999772 0.00000000099999999772 0.00000000099999999772 0.00000000099999999772 0.00000000099999999772 0.00000000099999999772 0.00000000099999999772 0.00000000099999999772 0.00000000099999999772 0.19340305851573638685 0.39870814744135796293 0.00000000099999999772 
0.00000000099999999764 0.00000000099999999764 0.00000000099999999764 0.00000000099999999764 0.40199033037993331385 0.00000000099999999764 0.00000000099999999764 0.00000000099999999764 0.00000000099999999764 0.00000000099999999764 0.00000000099999999764 0.00000000099999999764 0.00000000099999999764 0.00000000099999999764 0.00000000099999999764 0.09509693583367159753 0.50291271878639476345 0.00000000099999999764 
0.00000000099999999759 0.00000000099999999759 0.00000000099999999759 0.00000000099999999759 0.45236635528961505193 0.00000000099999999759 0.00000000099999999759 0.00000000099999999759 0.00000000099999999759 0.00000000099999999759 0.00000000099999999759 0.00000000099999999759 0.00000000099999999759 0.00000000099999999759 0.00000000099999999759 0.03734783206737125189 0.51028579764301329469 0.00000000099999999759 
0.00000000099999999742 0.00000000099999999742 0.00000000099999999742 0.00000000099999999742 0.00000000099999999742 0.00000000099999999742 0.00000000099999999742 0.00000000099999999742 0.00000000099999999742 0.00000000099999999742 0.00000000099999999742 0.00000000099999999742 0.00000000099999999742 0.00000000099999999742 0.00000000099999999742 0.45746959658060548648 0.54253038741939441092 0.00000000099999999742 
0.00000000099999999758 0.00000000099999999758 0.00000000099999999758 0.00000000099999999758 0.18230900649164985539 0.00000000099999999758 0.00000000099999999758 0.00000000099999999758 0.00000000099999999758 0.00000000099999999758 0.00000000099999999758 0.00000000099999999758 0.00000000099999999758 0.00000000099999999758 0.00000000099999999758 0.31568256272475120339 0.50200841578359889361 0.00000000099999999758 
0.00000000099999999751 0.00000000099999999751 0.00000000099999999751 0.00000000099999999751 0.39047266342407632722 0.00000000099999999751 0.00000000099999999751 0.00000000099999999751 0.00000000099999999751 0.00000000099999999751 0.00000000099999999751 0.00000000099999999751 0.00000000099999999751 0.00000000099999999751 0.00000000099999999751 0.00000000099999999751 0.60952732057592329262 0.00000000099999999751 
0.00000000099999999760 0.00000000099999999760 0.00000000099999999760 0.00000000099999999760 0.38873242708261995793 0.00000000099999999760 0.00000000099999999760 0.00000000099999999760 0.00000000099999999760 0.00000000099999999760 0.00000000099999999760 0.00000000099999999760 0.00000000099999999760 0.00000000099999999760 0.00000000099999999760 0.06844888285330842648 0.54281867506407144308 0.00000000099999999760 
0.00000000099999999770 0.00000000099999999770 0.00000000099999999770 0.00000000099999999770 0.34851251498702368048 0.00000000099999999770 0.00000000099999999770 0.00000000099999999770 0.00000000099999999770 0.00000000099999999770 0.00000000099999999770 0.00000000099999999770 0.00000000099999999770 0.00000000099999999770 0.00000000099999999770 0.32888780240462067717 0.32259966760835512289 0.00000000099999999770 
0.00000000099999999752 0.00000000099999999752 0.00000000099999999752 0.00000000099999999752 0.41151939729613790098 0.00000000099999999752 0.00000000099999999752 0.00000000099999999752 0.00000000099999999752 0.00000000099999999752 0.00000000099999999752 0.00000000099999999752 0.00000000099999999752 0.00000000099999999752 0.00000000099999999752 0.08999760795953508363 0.49848297974432675961 0.00000000099999999752 
0.00000000099999999751 0.00000000099999999751 0.00000000099999999751 0.00000000099999999751 0.41925762503750041432 0.00000000099999999751 0.00000000099999999751 0.00000000099999999751 0.00000000099999999751 0.00000000099999999751 0.00000000099999999751 0.00000000099999999751 0.00000000099999999751 0.00000000099999999751 0.00000000099999999751 0.09233605823195409346 0.48840630173054511154 0.00000000099999999751 
0.00000000099999999763 0.00000000099999999763 0.00000000099999999763 0.00000000099999999763 0.40734233947685150046 0.00000000099999999763 0.00000000099999999763 0.00000000099999999763 0.00000000099999999763 0.00000000099999999763 0.00000000099999999763 0.00000000099999999763 0.00000000099999999763 0.00000000099999999763 0.00000000099999999763 0.12672527387793897091 0.46593237164520912019 0.00000000099999999763 
0.00000000099999999741 0.00000000099999999741 0.00000000099999999741 0.00000000099999999741 0.00000000099999999741 0.00000000099999999741 0.00000000099999999741 0.00000000099999999741 0.00000000099999999741 0.00000000099999999741 0.00000000099999999741 0.00000000099999999741 0.00000000099999999741 0.00000000099999999741 0.00000000099999999741 0.56507502875127246789 0.43492495524872737400 0.00000000099999999741 
0.00000000099999999817 0.00000000099999999817 0.00000000099999999817 0.00000000099999999817 0.49934066031846485734 0.00000000099999999817 0.00000000099999999817 0.00000000099999999817 0.00000000099999999817 0.00000000099999999817 0.00000000099999999817 0.00000000099999999817 0.00000000099999999817 0.00000000099999999817 0.00000000099999999817 0.00000000099999999817 0.50065932368153465148 0.00000000099999999817 
0.00000000099999999769 0.00000000099999999769 0.00000000099999999769 0.00000000099999999769 0.00000000099999999769 0.00000000099999999769 0.00000000099999999769 0.00000000099999999769 0.00000000099999999769 0.00000000099999999769 0.00000000099999999769 0.00000000099999999769 0.00000000099999999769 0.00000000099999999769 0.00000000099999999769 0.32664622903719370273 0.67335375496280625018 0.00000000099999999769 
0.00000000099999999760 0.00000000099999999760 0.00000000099999999760 0.00000000099999999760 0.43930390911939742882 0.00000000099999999760 0.00000000099999999760 0.00000000099999999760 0.00000000099999999760 0.00000000099999999760 0.00000000099999999760 0.00000000099999999760 0.00000000099999999760 0.00000000099999999760 0.00000000099999999760 0.13775932661924356060 0.42293674926135860215 0.00000000099999999760 
0.00000000099999999821 0.00000000099999999821 0.00000000099999999821 0.00000000099999999821 0.49721470199347123087 0.00000000099999999821 0.00000000099999999821 0.00000000099999999821 0.00000000099999999821 0.00000000099999999821 0.00000000099999999821 0.00000000099999999821 0.00000000099999999821 0.00000000099999999821 0.00000000099999999821 0.00000000099999999821 0.50278528200652850000 0.00000000099999999821 
0.00000000099999999763 0.00000000099999999763 0.00000000099999999763 0.00000000099999999763 0.23991180119926949765 0.00000000099999999763 0.00000000099999999763 0.00000000099999999763 0.00000000099999999763 0.00000000099999999763 0.00000000099999999763 0.00000000099999999763 0.00000000099999999763 0.00000000099999999763 0.00000000099999999763 0.29798726025132576956 0.46210092354940462966 0.00000000099999999763 
0.00000000099999999744 0.00000000099999999744 0.00000000099999999744 0.00000000099999999744 0.00000000099999999744 0.00000000099999999744 0.00000000099999999744 0.00000000099999999744 0.00000000099999999744 0.00000000099999999744 0.00000000099999999744 0.00000000099999999744 0.00000000099999999744 0.00000000099999999744 0.00000000099999999744 0.55048055954258345857 0.44951942445741649435 0.00000000099999999744 
0.00000000099999999775 0.00000000099999999775 0.00000000099999999775 0.00000000099999999775 0.00000000099999999775 0.00000000099999999775 0.00000000099999999775 0.00000000099999999775 0.00000000099999999775 0.00000000099999999775 0.00000000099999999775 0.00000000099999999775 0.00000000099999999775 0.00000000099999999775 0.00000000099999999775 0.91749191825495179931 0.08250806574504822299 0.00000000099999999775 
0.00000000099999999760 0.00000000099999999760 0.00000000099999999760 0.00000000099999999760 0.39427839583509033394 0.00000000099999999760 0.00000000099999999760 0.00000000099999999760 0.00000000099999999760 0.00000000099999999760 0.00000000099999999760 0.00000000099999999760 0.00000000099999999760 0.00000000099999999760 0.00000000099999999760 0.22872831989294750699 0.37699326927196186166 0.00000000099999999760 
0.00000000099999999757 0.00000000099999999757 0.00000000099999999757 0.00000000099999999757 0.24698810482278643619 0.00000000099999999757 0.00000000099999999757 0.00000000099999999757 0.00000000099999999757 0.00000000099999999757 0.00000000099999999757 0.00000000099999999757 0.00000000099999999757 0.00000000099999999757 0.00000000099999999757 0.21569623188488940002 0.53731564829232425495 0.00000000099999999757 
0.00000000099999999722 0.00000000099999999722 0.00000000099999999722 0.00000000099999999722 0.42816773113931111405 0.00000000099999999722 0.00000000099999999722 0.00000000099999999722 0.00000000099999999722 0.00000000099999999722 0.00000000099999999722 0.00000000099999999722 0.00000000099999999722 0.00000000099999999722 0.00000000099999999722 0.57183225286068861681 0.00000000099999999722 0.00000000099999999722 
0.00000000099999999762 0.00000000099999999762 0.00000000099999999762 0.00000000099999999762 0.44107344641238493965 0.00000000099999999762 0.00000000099999999762 0.00000000099999999762 0.00000000099999999762 0.00000000099999999762 0.00000000099999999762 0.00000000099999999762 0.00000000099999999762 0.00000000099999999762 0.00000000099999999762 0.15211292993463998435 0.40681360865297488960 0.00000000099999999762 
0.00000000099999999784 0.00000000099999999784 0.00000000099999999784 0.00000000099999999784 0.07767608018578105178 0.00000000099999999784 0.00000000099999999784 0.00000000099999999784 0.00000000099999999784 0.00000000099999999784 0.00000000099999999784 0.00000000099999999784 0.00000000099999999784 0.00000000099999999784 0.00000000099999999784 0.38267071432868721148 0.53965319048553184178 0.00000000099999999784 
0.00000000099999999740 0.00000000099999999740 0.00000000099999999740 0.00000000099999999740 0.00000000099999999740 0.00000000099999999740 0.00000000099999999740 0.00000000099999999740 0.00000000099999999740 0.00000000099999999740 0.00000000099999999740 0.00000000099999999740 0.00000000099999999740 0.00000000099999999740 0.00000000099999999740 0.40745414619068720530 0.59254583780931280312 0.00000000099999999740 
0.00000000099999999770 0.00000000099999999770 0.00000000099999999770 0.00000000099999999770 0.24420549999242643913 0.00000000099999999770 0.00000000099999999770 0.00000000099999999770 0.00000000099999999770 0.00000000099999999770 0.00000000099999999770 0.00000000099999999770 0.00000000099999999770 0.00000000099999999770 0.00000000099999999770 0.26925225012194881069 0.48654223488562486910 0.00000000099999999770 
0.00000000099999999759 0.00000000099999999759 0.00000000099999999759 0.00000000099999999759 0.39735207840204456176 0.00000000099999999759 0.00000000099999999759 0.00000000099999999759 0.00000000099999999759 0.00000000099999999759 0.00000000099999999759 0.00000000099999999759 0.00000000099999999759 0.00000000099999999759 0.00000000099999999759 0.16858329937323096592 0.43406460722472423042 0.00000000099999999759 
0.00000000099999999755 0.00000000099999999755 0.00000000099999999755 0.00000000099999999755 0.33877646104446135222 0.00000000099999999755 0.00000000099999999755 0.00000000099999999755 0.00000000099999999755 0.00000000099999999755 0.00000000099999999755 0.00000000099999999755 0.00000000099999999755 0.00000000099999999755 0.00000000099999999755 0.00000000099999999755 0.66122352295553832313 0.00000000099999999755 
0.00000000099999999818 0.00000000099999999818 0.00000000099999999818 0.00000000099999999818 0.46078570813630259639 0.00000000099999999818 0.00000000099999999818 0.00000000099999999818 0.00000000099999999818 0.00000000099999999818 0.00000000099999999818 0.00000000099999999818 0.00000000099999999818 0.00000000099999999818 0.00000000099999999818 0.00000000099999999818 0.53921427586369707896 0.00000000099999999818 
0.00000000099999999847 0.00000000099999999847 0.00000000099999999847 0.00000000099999999847 0.60766881557593110941 0.00000000099999999847 0.00000000099999999847 0.00000000099999999847 0.00000000099999999847 0.00000000099999999847 0.00000000099999999847 0.00000000099999999847 0.00000000099999999847 0.00000000099999999847 0.00000000099999999847 0.00000000099999999847 0.39233116842406917657 0.00000000099999999847 
0.00000000099999999747 0.00000000099999999747 0.00000000099999999747 0.00000000099999999747 0.45463954353979496581 0.00000000099999999747 0.00000000099999999747 0.00000000099999999747 0.00000000099999999747 0.00000000099999999747 0.00000000099999999747 0.00000000099999999747 0.00000000099999999747 0.00000000099999999747 0.00000000099999999747 0.54536044046020459852 0.00000000099999999747 0.00000000099999999747 
0.00000000099999999833 0.00000000099999999833 0.00000000099999999833 0.00000000099999999833 0.60668853857180582434 0.00000000099999999833 0.00000000099999999833 0.00000000099999999833 0.00000000099999999833 0.00000000099999999833 0.00000000099999999833 0.00000000099999999833 0.00000000099999999833 0.00000000099999999833 0.00000000099999999833 0.00000000099999999833 0.39331144542819440613 0.00000000099999999833 
0.00000000099999999734 0.00000000099999999734 0.00000000099999999734 0.00000000099999999734 0.43254240713473157687 0.00000000099999999734 0.00000000099999999734 0.00000000099999999734 0.00000000099999999734 0.00000000099999999734 0.00000000099999999734 0.00000000099999999734 0.00000000099999999734 0.00000000099999999734 0.00000000099999999734 0.56745757686526787644 0.00000000099999999734 0.00000000099999999734 
0.00000000099999999733 0.00000000099999999733 0.00000000099999999733 0.00000000099999999733 0.44663657176579241170 0.00000000099999999733 0.00000000099999999733 0.00000000099999999733 0.00000000099999999733 0.00000000099999999733 0.00000000099999999733 0.00000000099999999733 0.00000000099999999733 0.00000000099999999733 0.00000000099999999733 0.55336341223420726365 0.00000000099999999733 0.00000000099999999733 
0.00000000099999999747 0.00000000099999999747 0.00000000099999999747 0.00000000099999999747 0.43807918992553934734 0.00000000099999999747 0.00000000099999999747 0.00000000099999999747 0.00000000099999999747 0.00000000099999999747 0.00000000099999999747 0.00000000099999999747 0.00000000099999999747 0.00000000099999999747 0.00000000099999999747 0.56192079407446016148 0.00000000099999999747 0.00000000099999999747 
0.00000000099999999724 0.00000000099999999724 0.00000000099999999724 0.00000000099999999724 0.41069463423620150566 0.00000000099999999724 0.00000000099999999724 0.00000000099999999724 0.00000000099999999724 0.00000000099999999724 0.00000000099999999724 0.00000000099999999724 0.00000000099999999724 0.00000000099999999724 0.00000000099999999724 0.58930534976379811418 0.00000000099999999724 0.00000000099999999724 
0.00000000099999999735 0.00000000099999999735 0.00000000099999999735 0.00000000099999999735 0.44191630825795019666 0.00000000099999999735 0.00000000099999999735 0.00000000099999999735 0.00000000099999999735 0.00000000099999999735 0.00000000099999999735 0.00000000099999999735 0.00000000099999999735 0.00000000099999999735 0.00000000099999999735 0.55808367574204942319 0.00000000099999999735 0.00000000099999999735 
0.00000000099999999727 0.00000000099999999727 0.00000000099999999727 0.00000000099999999727 0.43130476581915022649 0.00000000099999999727 0.00000000099999999727 0.00000000099999999727 0.00000000099999999727 0.00000000099999999727 0.00000000099999999727 0.00000000099999999727 0.00000000099999999727 0.00000000099999999727 0.00000000099999999727 0.56869521818084933784 0.00000000099999999727 0.00000000099999999727 
0.00000000099999999740 0.00000000099999999740 0.00000000099999999740 0.00000000099999999740 0.44210893497649400574 0.00000000099999999740 0.00000000099999999740 0.00000000099999999740 0.00000000099999999740 0.00000000099999999740 0.00000000099999999740 0.00000000099999999740 0.00000000099999999740 0.00000000099999999740 0.00000000099999999740 0.55789104902350561410 0.00000000099999999740 0.00000000099999999740 
0.00000000099999999735 0.00000000099999999735 0.00000000099999999735 0.00000000099999999735 0.43742098170793425327 0.00000000099999999735 0.00000000099999999735 0.00000000099999999735 0.00000000099999999735 0.00000000099999999735 0.00000000099999999735 0.00000000099999999735 0.00000000099999999735 0.00000000099999999735 0.00000000099999999735 0.56257900229206525555 0.00000000099999999735 0.00000000099999999735 
0.00000000099999999758 0.00000000099999999758 0.00000000099999999758 0.00000000099999999758 0.44990034605502499110 0.00000000099999999758 0.00000000099999999758 0.00000000099999999758 0.00000000099999999758 0.00000000099999999758 0.00000000099999999758 0.00000000099999999758 0.00000000099999999758 0.00000000099999999758 0.00000000099999999758 0.55009963794497451772 0.00000000099999999758 0.00000000099999999758 
0.00000000099999999745 0.00000000099999999745 0.00000000099999999745 0.00000000099999999745 0.45263178424715272419 0.00000000099999999745 0.00000000099999999745 0.00000000099999999745 0.00000000099999999745 0.00000000099999999745 0.00000000099999999745 0.00000000099999999745 0.00000000099999999745 0.00000000099999999745 0.00000000099999999745 0.54736819975284700668 0.00000000099999999745 0.00000000099999999745 
0.00000000099999999733 0.00000000099999999733 0.00000000099999999733 0.00000000099999999733 0.44261245733994353246 0.00000000099999999733 0.00000000099999999733 0.00000000099999999733 0.00000000099999999733 0.00000000099999999733 0.00000000099999999733 0.00000000099999999733 0.00000000099999999733 0.00000000099999999733 0.00000000099999999733 0.55738752666005597636 0.00000000099999999733 0.00000000099999999733 
0.00000000099999999735 0.00000000099999999735 0.00000000099999999735 0.00000000099999999735 0.44095485556871488741 0.00000000099999999735 0.00000000099999999735 0.00000000099999999735 0.00000000099999999735 0.00000000099999999735 0.00000000099999999735 0.00000000099999999735 0.00000000099999999735 0.00000000099999999735 0.00000000099999999735 0.55904512843128462141 0.00000000099999999735 0.00000000099999999735 
0.00000000099999999744 0.00000000099999999744 0.00000000099999999744 0.00000000099999999744 0.45348508456881686524 0.00000000099999999744 0.00000000099999999744 0.00000000099999999744 0.00000000099999999744 0.00000000099999999744 0.00000000099999999744 0.00000000099999999744 0.00000000099999999744 0.00000000099999999744 0.00000000099999999744 0.54651489943118269910 0.00000000099999999744 0.00000000099999999744 
0.00000000099999999753 0.00000000099999999753 0.00000000099999999753 0.00000000099999999753 0.45854615691068373318 0.00000000099999999753 0.00000000099999999753 0.00000000099999999753 0.00000000099999999753 0.00000000099999999753 0.00000000099999999753 0.00000000099999999753 0.00000000099999999753 0.00000000099999999753 0.00000000099999999753 0.54145382708931588667 0.00000000099999999753 0.00000000099999999753 
0.00000000099999999736 0.00000000099999999736 0.00000000099999999736 0.00000000099999999736 0.43848929476658476956 0.00000000099999999736 0.00000000099999999736 0.00000000099999999736 0.00000000099999999736 0.00000000099999999736 0.00000000099999999736 0.00000000099999999736 0.00000000099999999736 0.00000000099999999736 0.00000000099999999736 0.56151068923341485029 0.00000000099999999736 0.00000000099999999736 
0.00000000099999999723 0.00000000099999999723 0.00000000099999999723 0.00000000099999999723 0.42690514182230754336 0.00000000099999999723 0.00000000099999999723 0.00000000099999999723 0.00000000099999999723 0.00000000099999999723 0.00000000099999999723 0.00000000099999999723 0.00000000099999999723 0.00000000099999999723 0.00000000099999999723 0.57309484217769202097 0.00000000099999999723 0.00000000099999999723 
0.00000000099999999725 0.00000000099999999725 0.00000000099999999725 0.00000000099999999725 0.41403886651656407469 0.00000000099999999725 0.00000000099999999725 0.00000000099999999725 0.00000000099999999725 0.00000000099999999725 0.00000000099999999725 0.00000000099999999725 0.00000000099999999725 0.00000000099999999725 0.00000000099999999725 0.58596111748343560066 0.00000000099999999725 0.00000000099999999725 
0.00000000099999999730 0.00000000099999999730 0.00000000099999999730 0.00000000099999999730 0.44400951596475923822 0.00000000099999999730 0.00000000099999999730 0.00000000099999999730 0.00000000099999999730 0.00000000099999999730 0.00000000099999999730 0.00000000099999999730 0.00000000099999999730 0.00000000099999999730 0.00000000099999999730 0.55599046803524032612 0.00000000099999999730 0.00000000099999999730 
0.00000000099999999732 0.00000000099999999732 0.00000000099999999732 0.00000000099999999732 0.43594500956730208863 0.00000000099999999732 0.00000000099999999732 0.00000000099999999732 0.00000000099999999732 0.00000000099999999732 0.00000000099999999732 0.00000000099999999732 0.00000000099999999732 0.00000000099999999732 0.00000000099999999732 0.56405497443269769775 0.00000000099999999732 0.00000000099999999732 
0.00000000099999999750 0.00000000099999999750 0.00000000099999999750 0.00000000099999999750 0.45559383013453824685 0.00000000099999999750 0.00000000099999999750 0.00000000099999999750 0.00000000099999999750 0.00000000099999999750 0.00000000099999999750 0.00000000099999999750 0.00000000099999999750 0.00000000099999999750 0.00000000099999999750 0.54440615386546131749 0.00000000099999999750 0.00000000099999999750 
0.00000000099999999835 0.00000000099999999835 0.00000000099999999835 0.00000000099999999835 0.68656047401654729523 0.00000000099999999835 0.00000000099999999835 0.00000000099999999835 0.00000000099999999835 0.00000000099999999835 0.00000000099999999835 0.00000000099999999835 0.00000000099999999835 0.00000000099999999835 0.00000000099999999835 0.00000000099999999835 0.31343950998345304626 0.00000000099999999835 
0.00000000099999999735 0.00000000099999999735 0.00000000099999999735 0.00000000099999999735 0.45121625031168727249 0.00000000099999999735 0.00000000099999999735 0.00000000099999999735 0.00000000099999999735 0.00000000099999999735 0.00000000099999999735 0.00000000099999999735 0.00000000099999999735 0.00000000099999999735 0.00000000099999999735 0.54878373368831223633 0.00000000099999999735 0.00000000099999999735 
0.00000000099999999831 0.00000000099999999831 0.00000000099999999831 0.00000000099999999831 0.50973528702494941278 0.00000000099999999831 0.00000000099999999831 0.00000000099999999831 0.00000000099999999831 0.00000000099999999831 0.00000000099999999831 0.00000000099999999831 0.00000000099999999831 0.00000000099999999831 0.00000000099999999831 0.00000000099999999831 0.49026469697505092871 0.00000000099999999831 
0.00000000099999999725 0.00000000099999999725 0.00000000099999999725 0.00000000099999999725 0.41666633728219887312 0.00000000099999999725 0.00000000099999999725 0.00000000099999999725 0.00000000099999999725 0.00000000099999999725 0.00000000099999999725 0.00000000099999999725 0.00000000099999999725 0.00000000099999999725 0.00000000099999999725 0.58333364671780063571 0.00000000099999999725 0.00000000099999999725 
0.00000000099999999734 0.00000000099999999734 0.00000000099999999734 0.00000000099999999734 0.44778467038614611084 0.00000000099999999734 0.00000000099999999734 0.00000000099999999734 0.00000000099999999734 0.00000000099999999734 0.00000000099999999734 0.00000000099999999734 0.00000000099999999734 0.00000000099999999734 0.00000000099999999734 0.55221531361385345349 0.00000000099999999734 0.00000000099999999734 
0.00000000099999999730 0.00000000099999999730 0.00000000099999999730 0.00000000099999999730 0.43191801595239159850 0.00000000099999999730 0.00000000099999999730 0.00000000099999999730 0.00000000099999999730 0.00000000099999999730 0.00000000099999999730 0.00000000099999999730 0.00000000099999999730 0.00000000099999999730 0.00000000099999999730 0.56808196804760813237 0.00000000099999999730 0.00000000099999999730 
0.00000000099999999909 0.00000000099999999909 0.00034061401558448947 0.00000000099999999909 0.46039166417627935823 0.00000000099999999909 0.00000000099999999909 0.00000000099999999909 0.00000000099999999909 0.00000000099999999909 0.00000000099999999909 0.00000000099999999909 0.00000000099999999909 0.00000000099999999909 0.00000000099999999909 0.53926770680813584935 0.00000000099999999909 0.00000000099999999909 
0.00000000099999999765 0.00000000099999999765 0.00000000099999999765 0.00000000099999999765 0.00000000099999999765 0.00000000099999999765 0.00000000099999999765 0.00000000099999999765 0.00000000099999999765 0.00000000099999999765 0.00000000099999999765 0.00000000099999999765 0.00000000099999999765 0.00000000099999999765 0.00000000099999999765 0.92426289235203351602 0.07573709164796638138 0.00000000099999999765 
0.00000000099999999816 0.00000000099999999816 0.00000000099999999816 0.00000000099999999816 0.58276462139445395216 0.00000000099999999816 0.00000000099999999816 0.00000000099999999816 0.00000000099999999816 0.00000000099999999816 0.00000000099999999816 0.00000000099999999816 0.00000000099999999816 0.00000000099999999816 0.00000000099999999816 0.00000000099999999816 0.41723536260554616728 0.00000000099999999816 
0.00000000099999999808 0.00000000099999999808 0.00000000099999999808 0.00000000099999999808 0.58605565088565980680 0.00000000099999999808 0.00000000099999999808 0.00000000099999999808 0.00000000099999999808 0.00000000099999999808 0.00000000099999999808 0.00000000099999999808 0.00000000099999999808 0.00000000099999999808 0.00000000099999999808 0.00000000099999999808 0.41394433311434036815 0.00000000099999999808 
0.00000000099999999814 0.00000000099999999814 0.00000000099999999814 0.00000000099999999814 0.59898453617956481931 0.00000000099999999814 0.00000000099999999814 0.00000000099999999814 0.00000000099999999814 0.00000000099999999814 0.00000000099999999814 0.00000000099999999814 0.00000000099999999814 0.00000000099999999814 0.00000000099999999814 0.00000000099999999814 0.40101544782043546666 0.00000000099999999814 
0.00000000099999999815 0.00000000099999999815 0.00000000099999999815 0.00000000099999999815 0.58100999958714782956 0.00000000099999999815 0.00000000099999999815 0.00000000099999999815 0.00000000099999999815 0.00000000099999999815 0.00000000099999999815 0.00000000099999999815 0.00000000099999999815 0.00000000099999999815 0.00000000099999999815 0.00000000099999999815 0.41898998441285245642 0.00000000099999999815 
0.00000000099999999817 0.00000000099999999817 0.00000000099999999817 0.00000000099999999817 0.59775728878027778457 0.00000000099999999817 0.00000000099999999817 0.00000000099999999817 0.00000000099999999817 0.00000000099999999817 0.00000000099999999817 0.00000000099999999817 0.00000000099999999817 0.00000000099999999817 0.00000000099999999817 0.00000000099999999817 0.40224269521972239039 0.00000000099999999817 
0.00000000099999999736 0.00000000099999999736 0.00000000099999999736 0.00000000099999999736 0.44072296388530679545 0.00000000099999999736 0.00000000099999999736 0.00000000099999999736 0.00000000099999999736 0.00000000099999999736 0.00000000099999999736 0.00000000099999999736 0.00000000099999999736 0.00000000099999999736 0.00000000099999999736 0.55927702011469271337 0.00000000099999999736 0.00000000099999999736 
0.00000000099999999752 0.00000000099999999752 0.00000000099999999752 0.00000000099999999752 0.45191992854503898469 0.00000000099999999752 0.00000000099999999752 0.00000000099999999752 0.00000000099999999752 0.00000000099999999752 0.00000000099999999752 0.00000000099999999752 0.00000000099999999752 0.00000000099999999752 0.00000000099999999752 0.54808005545496052413 0.00000000099999999752 0.00000000099999999752 
0.00000000099999999755 0.00000000099999999755 0.00000000099999999755 0.00000000099999999755 0.44655031846185228028 0.00000000099999999755 0.00000000099999999755 0.00000000099999999755 0.00000000099999999755 0.00000000099999999755 0.00000000099999999755 0.00000000099999999755 0.00000000099999999755 0.00000000099999999755 0.00000000099999999755 0.55344966553814733956 0.00000000099999999755 0.00000000099999999755 
0.00000000099999999750 0.00000000099999999750 0.00000000099999999750 0.00000000099999999750 0.45140282224492089824 0.00000000099999999750 0.00000000099999999750 0.00000000099999999750 0.00000000099999999750 0.00000000099999999750 0.00000000099999999750 0.00000000099999999750 0.00000000099999999750 0.00000000099999999750 0.00000000099999999750 0.54859716175507866609 0.00000000099999999750 0.00000000099999999750 
0.00000000099999999740 0.00000000099999999740 0.00000000099999999740 0.00000000099999999740 0.44514316805032216884 0.00000000099999999740 0.00000000099999999740 0.00000000099999999740 0.00000000099999999740 0.00000000099999999740 0.00000000099999999740 0.00000000099999999740 0.00000000099999999740 0.00000000099999999740 0.00000000099999999740 0.55485681594967750652 0.00000000099999999740 0.00000000099999999740 
0.00000000099999999735 0.00000000099999999735 0.00000000099999999735 0.00000000099999999735 0.44488831214165486250 0.00000000099999999735 0.00000000099999999735 0.00000000099999999735 0.00000000099999999735 0.00000000099999999735 0.00000000099999999735 0.00000000099999999735 0.00000000099999999735 0.00000000099999999735 0.00000000099999999735 0.55511167185834464632 0.00000000099999999735 0.00000000099999999735 
