0.00000000099999999943 0.00000000099999999943 0.00000000099999999943 0.00000000099999999943 0.00000000099999999943 0.00000000099999999943 0.00000000099999999943 0.09817715577004600125 0.00000000099999999943 0.00000000099999999943 0.60439579491345585271 0.00000000099999999943 0.29742703831649808244 0.00000000099999999943 
0.00000000099999999937 0.00000000099999999937 0.00000000099999999937 0.00000000099999999937 0.58768600443723784110 0.00000000099999999937 0.00000000099999999937 0.36899916075949101835 0.00000000099999999937 0.00000000099999999937 0.00000000099999999937 0.00000000099999999937 0.04331482380327129900 0.00000000099999999937 
0.00000000099999999811 0.00000000099999999811 0.99999998700000014562 0.00000000099999999811 0.00000000099999999811 0.00000000099999999811 0.00000000099999999811 0.00000000099999999811 0.00000000099999999811 0.00000000099999999811 0.00000000099999999811 0.00000000099999999811 0.00000000099999999811 0.00000000099999999811 
0.00000000099999999943 0.00000000099999999943 0.00000000099999999943 0.78373016393718586414 0.00000000099999999943 0.00000000099999999943 0.00000000099999999943 0.00000000099999999943 0.00000000099999999943 0.00000000099999999943 0.21626982406281425320 0.00000000099999999943 0.00000000099999999943 0.00000000099999999943 
0.00000000099999999795 0.00000000099999999795 0.00000000099999999795 0.00000000099999999795 0.00000000099999999795 0.00000000099999999795 0.00000000099999999795 0.00000000099999999795 0.00000000099999999795 0.00000000099999999795 0.00000000099999999795 0.00000000099999999795 0.00000000099999999795 0.99999998699999992358 
0.00125604304406021282 0.00732760385677228964 0.02899473729722990348 0.14995819807961963122 0.05545732966601838593 0.04375382567759405344 0.06652437347099748877 0.00000000100000000000 0.06818882068610600256 0.01851050565657794134 0.02998948837032894624 0.02937564537997211164 0.32366816589552216410 0.17699526191920100793 
0.00361178047255950518 0.06489363607081746754 0.00000000099999999998 0.28869865992455084891 0.02718269414600670703 0.07120706880905855463 0.06876305262845705535 0.04530358271031827838 0.19434697857966437562 0.04562650129448633102 0.00000000099999999998 0.01496610037159124169 0.12504768234721977405 0.05035226064526987511 
0.02207675197167290049 0.06140924965087717069 0.01606559979321710990 0.13649249924080644747 0.02686158985681256009 0.05297819314645599298 0.12100304400305550434 0.00000000099999999999 0.18089364539581836988 0.12480450056975146700 0.00211269941119600216 0.20822782969433262235 0.00000000099999999999 0.04707439526600396690 
0.00000000099999999940 0.00000000099999999940 0.52957468393694140385 0.00000000099999999940 0.00000000099999999940 0.00000000099999999940 0.00000000099999999940 0.47042530406305888002 0.00000000099999999940 0.00000000099999999940 0.00000000099999999940 0.00000000099999999940 0.00000000099999999940 0.00000000099999999940 
0.00000000099999999790 0.99999998700000014562 0.00000000099999999790 0.00000000099999999790 0.00000000099999999790 0.00000000099999999790 0.00000000099999999790 0.00000000099999999790 0.00000000099999999790 0.00000000099999999790 0.00000000099999999790 0.00000000099999999790 0.00000000099999999790 0.00000000099999999790 
0.00000000099999999968 0.00000000099999999968 0.00000000099999999968 0.28758622286612711694 0.00000000099999999968 0.00000000099999999968 0.00000000099999999968 0.34449758262156404687 0.00000000099999999968 0.00000000099999999968 0.08030651774430283552 0.00000000099999999968 0.28760966676800608921 0.00000000099999999968 
0.00000000099999999825 0.00000000099999999825 0.00000000099999999825 0.00000000099999999825 0.00000000099999999825 0.00000000099999999825 0.00000000099999999825 0.46434370953929021697 0.00000000099999999825 0.00000000099999999825 0.00000000099999999825 0.00000000099999999825 0.53565627846070951179 0.00000000099999999825 
0.00293100338720433170 0.00960319152311357380 0.01277473047960556510 0.02425187615188997142 0.00751829067160351625 0.00855011187457215514 0.01925673022299561818 0.60104865519963690534 0.03129529152749919996 0.00581257167378948243 0.01190551838707962565 0.01565484816434574086 0.23997652823225995578 0.00942065250440443647 
0.00751462551992527344 0.00956374155857424128 0.01294345907636924690 0.01980510352820878325 0.00645046534853473564 0.01063664826530394229 0.01821437014145342245 0.82483496736455219622 0.03205154933243366949 0.00364486612276613414 0.01316888077866072877 0.01257440423228177104 0.02266861816257922935 0.00592830056835666128 
0.00434485073459013084 0.01047044840404078893 0.01673043204718431889 0.02674792040624057732 0.00882460335131711807 0.01180231372035274104 0.02243388618753127534 0.78609882921517215681 0.03833148297886694589 0.00472568775825648549 0.01650701577132060449 0.01887650007379713946 0.02316167343950304228 0.01094435591182673848 
0.00000000099999999990 0.01233200783007543447 0.00000000099999999990 0.41725657256413711815 0.00000000099999999990 0.00000000099999999990 0.01200769040946972170 0.06889605008430588207 0.00000000099999999990 0.00000000099999999990 0.00000000099999999990 0.00000000099999999990 0.48950767011201168355 0.00000000099999999990 
0.00000000099999999807 0.00000000099999999807 0.00000000099999999807 0.00000000099999999807 0.00000000099999999807 0.00000000099999999807 0.00000000099999999807 0.45209964302495436739 0.00000000099999999807 0.00000000099999999807 0.00000000099999999807 0.00000000099999999807 0.54790034497504536137 0.00000000099999999807 
0.00000000099999999822 0.00000000099999999822 0.00000000099999999822 0.00000000099999999822 0.00000000099999999822 0.00000000099999999822 0.00000000099999999822 0.41989526183679920512 0.00000000099999999822 0.00000000099999999822 0.00000000099999999822 0.00000000099999999822 0.58010472616320063466 0.00000000099999999822 
0.00000000099999999859 0.00000000099999999859 0.00000000099999999859 0.00000000099999999859 0.00000000099999999859 0.00000000099999999859 0.00000000099999999859 0.25793959266412946896 0.00000000099999999859 0.00000000099999999859 0.00000000099999999859 0.00000000099999999859 0.74206039533587031531 0.00000000099999999859 
0.00000000099999999846 0.00000000099999999846 0.00000000099999999846 0.00000000099999999846 0.00000000099999999846 0.00000000099999999846 0.00000000099999999846 0.24236180703694182315 0.00000000099999999846 0.00000000099999999846 0.00000000099999999846 0.00000000099999999846 0.75763818096305823868 0.00000000099999999846 
0.00000000099999999846 0.00000000099999999846 0.00000000099999999846 0.00000000099999999846 0.00000000099999999846 0.00000000099999999846 0.00000000099999999846 0.24317457113422297210 0.00000000099999999846 0.00000000099999999846 0.00000000099999999846 0.00000000099999999846 0.75682541686577686768 0.00000000099999999846 
0.00000000099999999871 0.00000000099999999871 0.00000000099999999871 0.00000000099999999871 0.00000000099999999871 0.00000000099999999871 0.00000000099999999871 0.33535379566696410514 0.00000000099999999871 0.00000000099999999871 0.00000000099999999871 0.00000000099999999871 0.66464619233303567913 0.00000000099999999871 
0.00000000099999999871 0.00000000099999999871 0.00000000099999999871 0.00000000099999999871 0.00000000099999999871 0.00000000099999999871 0.00000000099999999871 0.33783072289340615457 0.00000000099999999871 0.00000000099999999871 0.00000000099999999871 0.00000000099999999871 0.66216926510659357419 0.00000000099999999871 
0.00000000099999999874 0.00000000099999999874 0.00000000099999999874 0.00000000099999999874 0.00000000099999999874 0.00000000099999999874 0.00000000099999999874 0.34778593595836504448 0.00000000099999999874 0.00000000099999999874 0.00000000099999999874 0.00000000099999999874 0.65221405204163473979 0.00000000099999999874 
0.00000000099999999827 0.00000000099999999827 0.00000000099999999827 0.00000000099999999827 0.00000000099999999827 0.00000000099999999827 0.00000000099999999827 0.94494658475269299736 0.00000000099999999827 0.00000000099999999827 0.00000000099999999827 0.00000000099999999827 0.05505340324730702284 0.00000000099999999827 
0.00000000099999999818 0.00000000099999999818 0.00000000099999999818 0.00000000099999999818 0.00000000099999999818 0.00000000099999999818 0.00000000099999999818 0.45504055997645093123 0.00000000099999999818 0.00000000099999999818 0.00000000099999999818 0.00000000099999999818 0.54495942802354879753 0.00000000099999999818 
0.00000000099999999816 0.00000000099999999816 0.00000000099999999816 0.00000000099999999816 0.00000000099999999816 0.00000000099999999816 0.00000000099999999816 0.54702559939616246520 0.00000000099999999816 0.00000000099999999816 0.00000000099999999816 0.00000000099999999816 0.45297438860383759662 0.00000000099999999816 
0.00000000099999999812 0.00000000099999999812 0.00000000099999999812 0.00000000099999999812 0.00000000099999999812 0.00000000099999999812 0.00000000099999999812 0.49805297149206839702 0.00000000099999999812 0.00000000099999999812 0.00000000099999999812 0.00000000099999999812 0.50194701650793138725 0.00000000099999999812 
0.00000000099999999794 0.00000000099999999794 0.00000000099999999794 0.00000000099999999794 0.00000000099999999794 0.00000000099999999794 0.00000000099999999794 0.99999998699999992358 0.00000000099999999794 0.00000000099999999794 0.00000000099999999794 0.00000000099999999794 0.00000000099999999794 0.00000000099999999794 
0.00000000099999999806 0.00000000099999999806 0.00000000099999999806 0.00000000099999999806 0.00000000099999999806 0.00000000099999999806 0.00000000099999999806 0.75169702666844540051 0.00000000099999999806 0.00000000099999999806 0.00000000099999999806 0.00000000099999999806 0.24830296133155457805 0.00000000099999999806 
0.00000000099999999808 0.00000000099999999808 0.00000000099999999808 0.00000000099999999808 0.00000000099999999808 0.00000000099999999808 0.00000000099999999808 0.58901538859534230408 0.00000000099999999808 0.00000000099999999808 0.00000000099999999808 0.00000000099999999808 0.41098459940465775775 0.00000000099999999808 
0.00000000099999999813 0.00000000099999999813 0.00000000099999999813 0.00000000099999999813 0.00000000099999999813 0.00000000099999999813 0.00000000099999999813 0.57917012010220547680 0.00000000099999999813 0.00000000099999999813 0.00000000099999999813 0.00000000099999999813 0.42082986789779447401 0.00000000099999999813 
0.00000000099999999814 0.00000000099999999814 0.00000000099999999814 0.00000000099999999814 0.00000000099999999814 0.00000000099999999814 0.00000000099999999814 0.46489977896796058632 0.00000000099999999814 0.00000000099999999814 0.00000000099999999814 0.00000000099999999814 0.53510020903203925347 0.00000000099999999814 
0.00000000099999999805 0.00000000099999999805 0.00000000099999999805 0.00000000099999999805 0.00000000099999999805 0.00000000099999999805 0.00000000099999999805 0.52325720879980319733 0.00000000099999999805 0.00000000099999999805 0.00000000099999999805 0.00000000099999999805 0.47674277920019692001 0.00000000099999999805 
0.00000000099999999804 0.00000000099999999804 0.00000000099999999804 0.00000000099999999804 0.00000000099999999804 0.00000000099999999804 0.00000000099999999804 0.50842973193339358051 0.00000000099999999804 0.00000000099999999804 0.00000000099999999804 0.00000000099999999804 0.49157025606660653683 0.00000000099999999804 
0.00000000099999999814 0.00000000099999999814 0.00000000099999999814 0.00000000099999999814 0.00000000099999999814 0.00000000099999999814 0.00000000099999999814 0.51044406640043771262 0.00000000099999999814 0.00000000099999999814 0.00000000099999999814 0.00000000099999999814 0.48955592159956234921 0.00000000099999999814 
0.00000000099999999797 0.00000000099999999797 0.00000000099999999797 0.00000000099999999797 0.00000000099999999797 0.00000000099999999797 0.00000000099999999797 0.99999998699999992358 0.00000000099999999797 0.00000000099999999797 0.00000000099999999797 0.00000000099999999797 0.00000000099999999797 0.00000000099999999797 
0.00000000099999999884 0.00000000099999999884 0.00000000099999999884 0.00000000099999999884 0.00000000099999999884 0.00000000099999999884 0.00000000099999999884 0.39511528912594473528 0.00000000099999999884 0.00000000099999999884 0.00000000099999999884 0.00000000099999999884 0.60488469887405493797 0.00000000099999999884 
0.00000000099999999838 0.00000000099999999838 0.00000000099999999838 0.00000000099999999838 0.00000000099999999838 0.00000000099999999838 0.00000000099999999838 0.99530271804649417255 0.00000000099999999838 0.00000000099999999838 0.00000000099999999838 0.00000000099999999838 0.00469726995350578953 0.00000000099999999838 
0.00000000099999999811 0.00000000099999999811 0.00000000099999999811 0.00000000099999999811 0.00000000099999999811 0.00000000099999999811 0.00000000099999999811 0.44503614079060438424 0.00000000099999999811 0.00000000099999999811 0.00000000099999999811 0.00000000099999999811 0.55496384720939540003 0.00000000099999999811 
0.00000000099999999887 0.00000000099999999887 0.00000000099999999887 0.00000000099999999887 0.00000000099999999887 0.00000000099999999887 0.00000000099999999887 0.38760047203306663421 0.00000000099999999887 0.00000000099999999887 0.00000000099999999887 0.00000000099999999887 0.61239951596693309455 0.00000000099999999887 
0.00000000099999999810 0.00000000099999999810 0.00000000099999999810 0.00000000099999999810 0.00000000099999999810 0.00000000099999999810 0.00000000099999999810 0.66827543413839807229 0.00000000099999999810 0.00000000099999999810 0.00000000099999999810 0.00000000099999999810 0.33172455386160204505 0.00000000099999999810 
0.00000000099999999800 0.00000000099999999800 0.00000000099999999800 0.00000000099999999800 0.00000000099999999800 0.00000000099999999800 0.00000000099999999800 0.99999998700000003460 0.00000000099999999800 0.00000000099999999800 0.00000000099999999800 0.00000000099999999800 0.00000000099999999800 0.00000000099999999800 
0.00000000099999999825 0.00000000099999999825 0.00000000099999999825 0.00000000099999999825 0.00000000099999999825 0.00000000099999999825 0.00000000099999999825 0.65373491284790374856 0.00000000099999999825 0.00000000099999999825 0.00000000099999999825 0.00000000099999999825 0.34626507515209620225 0.00000000099999999825 
0.00000000099999999808 0.00000000099999999808 0.00000000099999999808 0.00000000099999999808 0.00000000099999999808 0.00000000099999999808 0.00000000099999999808 0.45326913221775616547 0.00000000099999999808 0.00000000099999999808 0.00000000099999999808 0.00000000099999999808 0.54673085578224356329 0.00000000099999999808 
0.00000000099999999807 0.00000000099999999807 0.00000000099999999807 0.00000000099999999807 0.00000000099999999807 0.00000000099999999807 0.00000000099999999807 0.70016558894453662099 0.00000000099999999807 0.00000000099999999807 0.00000000099999999807 0.00000000099999999807 0.29983439905546332982 0.00000000099999999807 
0.00000000099999999790 0.00000000099999999790 0.00000000099999999790 0.00000000099999999790 0.00000000099999999790 0.00000000099999999790 0.00000000099999999790 0.00000000099999999790 0.00000000099999999790 0.00000000099999999790 0.00000000099999999790 0.00000000099999999790 0.99999998699999992358 0.00000000099999999790 
0.00000000099999999812 0.00000000099999999812 0.00000000099999999812 0.00000000099999999812 0.00000000099999999812 0.00000000099999999812 0.00000000099999999812 0.42482455472456570611 0.00000000099999999812 0.00000000099999999812 0.00000000099999999812 0.00000000099999999812 0.57517543327543407816 0.00000000099999999812 
0.00000000099999999827 0.00000000099999999827 0.00000000099999999827 0.00000000099999999827 0.00000000099999999827 0.00000000099999999827 0.00000000099999999827 0.88658960994236002406 0.00000000099999999827 0.00000000099999999827 0.00000000099999999827 0.00000000099999999827 0.11341037805763996837 0.00000000099999999827 
0.00000000099999999792 0.00000000099999999792 0.00000000099999999792 0.00000000099999999792 0.00000000099999999792 0.00000000099999999792 0.00000000099999999792 0.99999998699999981255 0.00000000099999999792 0.00000000099999999792 0.00000000099999999792 0.00000000099999999792 0.00000000099999999792 0.00000000099999999792 
0.00000000099999999817 0.00000000099999999817 0.00000000099999999817 0.00000000099999999817 0.00000000099999999817 0.00000000099999999817 0.00000000099999999817 0.68499653124085080336 0.00000000099999999817 0.00000000099999999817 0.00000000099999999817 0.00000000099999999817 0.31500345675914909194 0.00000000099999999817 
0.00000000099999999810 0.00000000099999999810 0.00000000099999999810 0.00000000099999999810 0.00000000099999999810 0.00000000099999999810 0.00000000099999999810 0.49764996968539609856 0.00000000099999999810 0.00000000099999999810 0.00000000099999999810 0.00000000099999999810 0.50235001831460368571 0.00000000099999999810 
0.00000000099999999812 0.00000000099999999812 0.00000000099999999812 0.00000000099999999812 0.00000000099999999812 0.00000000099999999812 0.00000000099999999812 0.65828712771968023176 0.00000000099999999812 0.00000000099999999812 0.00000000099999999812 0.00000000099999999812 0.34171286028031971904 0.00000000099999999812 
0.00000000099999999878 0.00000000099999999878 0.00000000099999999878 0.00000000099999999878 0.00000000099999999878 0.00000000099999999878 0.00000000099999999878 0.45502361094956372822 0.00000000099999999878 0.00000000099999999878 0.00000000099999999878 0.00000000099999999878 0.54497637705043611156 0.00000000099999999878 
0.00000000099999999902 0.00000000099999999902 0.00000000099999999902 0.00000000099999999902 0.00000000099999999902 0.00000000099999999902 0.00000000099999999902 0.24853891619710741234 0.00000000099999999902 0.00000000099999999902 0.00000000099999999902 0.00000000099999999902 0.75146107180289256622 0.00000000099999999902 
0.00000000099999999801 0.00000000099999999801 0.00000000099999999801 0.00000000099999999801 0.00000000099999999801 0.00000000099999999801 0.00000000099999999801 0.04660145552888034920 0.00000000099999999801 0.00000000099999999801 0.00000000099999999801 0.00000000099999999801 0.95339853247111949752 0.00000000099999999801 
0.00000000099999999886 0.00000000099999999886 0.00000000099999999886 0.00000000099999999886 0.00000000099999999886 0.00000000099999999886 0.00000000099999999886 0.26083550783894610126 0.00000000099999999886 0.00000000099999999886 0.00000000099999999886 0.00000000099999999886 0.73916448016105373853 0.00000000099999999886 
0.00000000099999999796 0.00000000099999999796 0.00000000099999999796 0.00000000099999999796 0.00000000099999999796 0.00000000099999999796 0.00000000099999999796 0.01383358696377052360 0.00000000099999999796 0.00000000099999999796 0.00000000099999999796 0.00000000099999999796 0.98616640103622943414 0.00000000099999999796 
0.00000000099999999795 0.00000000099999999795 0.00000000099999999795 0.00000000099999999795 0.00000000099999999795 0.00000000099999999795 0.00000000099999999795 0.00005994146181896546 0.00000000099999999795 0.00000000099999999795 0.00000000099999999795 0.00000000099999999795 0.99994004653818102657 0.00000000099999999795 
0.00000000099999999798 0.00000000099999999798 0.00000000099999999798 0.00000000099999999798 0.00000000099999999798 0.00000000099999999798 0.00000000099999999798 0.06900088944408022673 0.00000000099999999798 0.00000000099999999798 0.00000000099999999798 0.00000000099999999798 0.93099909855591977959 0.00000000099999999798 
0.00000000099999999794 0.00000000099999999794 0.00000000099999999794 0.00000000099999999794 0.00000000099999999794 0.00000000099999999794 0.00000000099999999794 0.00000000099999999794 0.00000000099999999794 0.00000000099999999794 0.00000000099999999794 0.00000000099999999794 0.99999998699999992358 0.00000000099999999794 
0.00000000099999999796 0.00000000099999999796 0.00000000099999999796 0.00000000099999999796 0.00000000099999999796 0.00000000099999999796 0.00000000099999999796 0.00847631760501689653 0.00000000099999999796 0.00000000099999999796 0.00000000099999999796 0.00000000099999999796 0.99152367039498312540 0.00000000099999999796 
0.00000000099999999794 0.00000000099999999794 0.00000000099999999794 0.00000000099999999794 0.00000000099999999794 0.00000000099999999794 0.00000000099999999794 0.00000000099999999794 0.00000000099999999794 0.00000000099999999794 0.00000000099999999794 0.00000000099999999794 0.99999998699999992358 0.00000000099999999794 
0.00000000099999999800 0.00000000099999999800 0.00000000099999999800 0.00000000099999999800 0.00000000099999999800 0.00000000099999999800 0.00000000099999999800 0.01778816292667542709 0.00000000099999999800 0.00000000099999999800 0.00000000099999999800 0.00000000099999999800 0.98221182507332449596 0.00000000099999999800 
0.00000000099999999796 0.00000000099999999796 0.00000000099999999796 0.00000000099999999796 0.00000000099999999796 0.00000000099999999796 0.00000000099999999796 0.01379284132844634490 0.00000000099999999796 0.00000000099999999796 0.00000000099999999796 0.00000000099999999796 0.98620714667155362498 0.00000000099999999796 
0.00000000099999999812 0.00000000099999999812 0.00000000099999999812 0.00000000099999999812 0.00000000099999999812 0.00000000099999999812 0.00000000099999999812 0.01437877262980980300 0.00000000099999999812 0.00000000099999999812 0.00000000099999999812 0.00000000099999999812 0.98562121537019020678 0.00000000099999999812 
0.00000000099999999800 0.00000000099999999800 0.00000000099999999800 0.00000000099999999800 0.00000000099999999800 0.00000000099999999800 0.00000000099999999800 0.03772252020930531163 0.00000000099999999800 0.00000000099999999800 0.00000000099999999800 0.00000000099999999800 0.96227746779069467387 0.00000000099999999800 
0.00000000099999999795 0.00000000099999999795 0.00000000099999999795 0.00000000099999999795 0.00000000099999999795 0.00000000099999999795 0.00000000099999999795 0.00901798611596737153 0.00000000099999999795 0.00000000099999999795 0.00000000099999999795 0.00000000099999999795 0.99098200188403262612 0.00000000099999999795 
0.00000000099999999797 0.00000000099999999797 0.00000000099999999797 0.00000000099999999797 0.00000000099999999797 0.00000000099999999797 0.00000000099999999797 0.01218778702867925369 0.00000000099999999797 0.00000000099999999797 0.00000000099999999797 0.00000000099999999797 0.98781220097132071967 0.00000000099999999797 
0.00000000099999999799 0.00000000099999999799 0.00000000099999999799 0.00000000099999999799 0.00000000099999999799 0.00000000099999999799 0.00000000099999999799 0.04352770215620714589 0.00000000099999999799 0.00000000099999999799 0.00000000099999999799 0.00000000099999999799 0.95647228584379273553 0.00000000099999999799 
0.00000000099999999803 0.00000000099999999803 0.00000000099999999803 0.00000000099999999803 0.00000000099999999803 0.00000000099999999803 0.00000000099999999803 0.05935220576208894566 0.00000000099999999803 0.00000000099999999803 0.00000000099999999803 0.00000000099999999803 0.94064778223791101208 0.00000000099999999803 
0.00000000099999999797 0.00000000099999999797 0.00000000099999999797 0.00000000099999999797 0.00000000099999999797 0.00000000099999999797 0.00000000099999999797 0.02130378185300316543 0.00000000099999999797 0.00000000099999999797 0.00000000099999999797 0.00000000099999999797 0.97869620614699670558 0.00000000099999999797 
0.00000000099999999791 0.00000000099999999791 0.00000000099999999791 0.00000000099999999791 0.00000000099999999791 0.00000000099999999791 0.00000000099999999791 0.00000000099999999791 0.00000000099999999791 0.00000000099999999791 0.00000000099999999791 0.00000000099999999791 0.99999998699999992358 0.00000000099999999791 
0.00000000099999999794 0.00000000099999999794 0.00000000099999999794 0.00000000099999999794 0.00000000099999999794 0.00000000099999999794 0.00000000099999999794 0.00000000099999999794 0.00000000099999999794 0.00000000099999999794 0.00000000099999999794 0.00000000099999999794 0.99999998699999992358 0.00000000099999999794 
0.00000000099999999794 0.00000000099999999794 0.00000000099999999794 0.00000000099999999794 0.00000000099999999794 0.00000000099999999794 0.00000000099999999794 0.00001422978338293614 0.00000000099999999794 0.00000000099999999794 0.00000000099999999794 0.00000000099999999794 0.99998575821661705998 0.00000000099999999794 
0.00000000099999999796 0.00000000099999999796 0.00000000099999999796 0.00000000099999999796 0.00000000099999999796 0.00000000099999999796 0.00000000099999999796 0.01532939373293378676 0.00000000099999999796 0.00000000099999999796 0.00000000099999999796 0.00000000099999999796 0.98467059426706626812 0.00000000099999999796 
0.00000000099999999800 0.00000000099999999800 0.00000000099999999800 0.00000000099999999800 0.00000000099999999800 0.00000000099999999800 0.00000000099999999800 0.05343650504038299776 0.00000000099999999800 0.00000000099999999800 0.00000000099999999800 0.00000000099999999800 0.94656348295961689754 0.00000000099999999800 
0.00000000099999999889 0.00000000099999999889 0.00000000099999999889 0.00000000099999999889 0.00000000099999999889 0.00000000099999999889 0.00000000099999999889 0.15527089033615068536 0.00000000099999999889 0.00000000099999999889 0.00000000099999999889 0.00000000099999999889 0.84472909766384929320 0.00000000099999999889 
0.00000000099999999796 0.00000000099999999796 0.00000000099999999796 0.00000000099999999796 0.00000000099999999796 0.00000000099999999796 0.00000000099999999796 0.00503919270284347402 0.00000000099999999796 0.00000000099999999796 0.00000000099999999796 0.00000000099999999796 0.99496079529715653056 0.00000000099999999796 
0.00000000099999999886 0.00000000099999999886 0.00000000099999999886 0.00000000099999999886 0.00000000099999999886 0.00000000099999999886 0.00000000099999999886 0.40682103413193032582 0.00000000099999999886 0.00000000099999999886 0.00000000099999999886 0.00000000099999999886 0.59317895386806940294 0.00000000099999999886 
0.00000000099999999793 0.00000000099999999793 0.00000000099999999793 0.00000000099999999793 0.00000000099999999793 0.00000000099999999793 0.00000000099999999793 0.00000000099999999793 0.00000000099999999793 0.00000000099999999793 0.00000000099999999793 0.00000000099999999793 0.99999998699999981255 0.00000000099999999793 
0.00000000099999999796 0.00000000099999999796 0.00000000099999999796 0.00000000099999999796 0.00000000099999999796 0.00000000099999999796 0.00000000099999999796 0.00857096271716168215 0.00000000099999999796 0.00000000099999999796 0.00000000099999999796 0.00000000099999999796 0.99142902528283816110 0.00000000099999999796 
0.00000000099999999796 0.00000000099999999796 0.00000000099999999796 0.00000000099999999796 0.00000000099999999796 0.00000000099999999796 0.00000000099999999796 0.00000000099999999796 0.00000000099999999796 0.00000000099999999796 0.00000000099999999796 0.00000000099999999796 0.99999998699999992358 0.00000000099999999796 
0.00000000099999999918 0.00000000099999999918 0.00000000099999999918 0.00000000099999999918 0.00000000099999999918 0.00000000099999999918 0.00000000099999999918 0.00252667315385778990 0.00000000099999999918 0.00000000099999999918 0.00000000099999999918 0.00000000099999999918 0.99747331484614221164 0.00000000099999999918 
0.00000000099999999810 0.00000000099999999810 0.00000000099999999810 0.00000000099999999810 0.00000000099999999810 0.00000000099999999810 0.00000000099999999810 0.61050483115595644001 0.00000000099999999810 0.00000000099999999810 0.00000000099999999810 0.00000000099999999810 0.38949515684404356630 0.00000000099999999810 
0.00000000099999999871 0.00000000099999999871 0.00000000099999999871 0.00000000099999999871 0.00000000099999999871 0.00000000099999999871 0.00000000099999999871 0.29630418553356835387 0.00000000099999999871 0.00000000099999999871 0.00000000099999999871 0.00000000099999999871 0.70369580246643137489 0.00000000099999999871 
0.00000000099999999866 0.00000000099999999866 0.00000000099999999866 0.00000000099999999866 0.00000000099999999866 0.00000000099999999866 0.00000000099999999866 0.28935663876858386256 0.00000000099999999866 0.00000000099999999866 0.00000000099999999866 0.00000000099999999866 0.71064334923141603273 0.00000000099999999866 
0.00000000099999999871 0.00000000099999999871 0.00000000099999999871 0.00000000099999999871 0.00000000099999999871 0.00000000099999999871 0.00000000099999999871 0.27939678148706675875 0.00000000099999999871 0.00000000099999999871 0.00000000099999999871 0.00000000099999999871 0.72060320651293297001 0.00000000099999999871 
0.00000000099999999870 0.00000000099999999870 0.00000000099999999870 0.00000000099999999870 0.00000000099999999870 0.00000000099999999870 0.00000000099999999870 0.30053171772876657863 0.00000000099999999870 0.00000000099999999870 0.00000000099999999870 0.00000000099999999870 0.69946827027123326115 0.00000000099999999870 
0.00000000099999999874 0.00000000099999999874 0.00000000099999999874 0.00000000099999999874 0.00000000099999999874 0.00000000099999999874 0.00000000099999999874 0.28018491642869314262 0.00000000099999999874 0.00000000099999999874 0.00000000099999999874 0.00000000099999999874 0.71981507157130664165 0.00000000099999999874 
0.00000000099999999797 0.00000000099999999797 0.00000000099999999797 0.00000000099999999797 0.00000000099999999797 0.00000000099999999797 0.00000000099999999797 0.01322684242469104529 0.00000000099999999797 0.00000000099999999797 0.00000000099999999797 0.00000000099999999797 0.98677314557530892980 0.00000000099999999797 
0.00000000099999999800 0.00000000099999999800 0.00000000099999999800 0.00000000099999999800 0.00000000099999999800 0.00000000099999999800 0.00000000099999999800 0.07632663910688097797 0.00000000099999999800 0.00000000099999999800 0.00000000099999999800 0.00000000099999999800 0.92367334889311891732 0.00000000099999999800 
0.00000000099999999801 0.00000000099999999801 0.00000000099999999801 0.00000000099999999801 0.00000000099999999801 0.00000000099999999801 0.00000000099999999801 0.08771664204939842724 0.00000000099999999801 0.00000000099999999801 0.00000000099999999801 0.00000000099999999801 0.91228334595060145418 0.00000000099999999801 
0.00000000099999999800 0.00000000099999999800 0.00000000099999999800 0.00000000099999999800 0.00000000099999999800 0.00000000099999999800 0.00000000099999999800 0.06715133278932172711 0.00000000099999999800 0.00000000099999999800 0.00000000099999999800 0.00000000099999999800 0.93284865521067816818 0.00000000099999999800 
0.00000000099999999800 0.00000000099999999800 0.00000000099999999800 0.00000000099999999800 0.00000000099999999800 0.00000000099999999800 0.00000000099999999800 0.02113207911566961777 0.00000000099999999800 0.00000000099999999800 0.00000000099999999800 0.00000000099999999800 0.97886790888433028446 0.00000000099999999800 
0.00000000099999999798 0.00000000099999999798 0.00000000099999999798 0.00000000099999999798 0.00000000099999999798 0.00000000099999999798 0.00000000099999999798 0.00414535464617872725 0.00000000099999999798 0.00000000099999999798 0.00000000099999999798 0.00000000099999999798 0.99585463335382129468 0.00000000099999999798 
0.00000000099999999797 0.00000000099999999797 0.00000000099999999797 0.00000000099999999797 0.00000000099999999797 0.00000000099999999797 0.00000000099999999797 0.00544908522250773381 0.00000000099999999797 0.00000000099999999797 0.00000000099999999797 0.00000000099999999797 0.99455090277749225169 0.00000000099999999797 
0.00000000099999999794 0.00000000099999999794 0.00000000099999999794 0.00000000099999999794 0.00000000099999999794 0.00000000099999999794 0.00000000099999999794 0.01447039130947619899 0.00000000099999999794 0.00000000099999999794 0.00000000099999999794 0.00000000099999999794 0.98552959669052375702 0.00000000099999999794 
0.00000000099999999797 0.00000000099999999797 0.00000000099999999797 0.00000000099999999797 0.00000000099999999797 0.00000000099999999797 0.00000000099999999797 0.01201815441598152318 0.00000000099999999797 0.00000000099999999797 0.00000000099999999797 0.00000000099999999797 0.98798183358401847620 0.00000000099999999797 
0.00000000099999999826 0.00000000099999999826 0.00000000099999999826 0.00000000099999999826 0.00000000099999999826 0.00000000099999999826 0.00000000099999999826 0.46928654551456294719 0.00000000099999999826 0.00000000099999999826 0.00000000099999999826 0.00000000099999999826 0.53071344248543683708 0.00000000099999999826 
0.00000000099999999792 0.00000000099999999792 0.00000000099999999792 0.00000000099999999792 0.00000000099999999792 0.00000000099999999792 0.00000000099999999792 0.00000000099999999792 0.00000000099999999792 0.00000000099999999792 0.00000000099999999792 0.00000000099999999792 0.99999998699999992358 0.00000000099999999792 
0.00000000099999999830 0.00000000099999999830 0.00000000099999999830 0.00000000099999999830 0.00000000099999999830 0.00000000099999999830 0.00000000099999999830 0.89246233701308175235 0.00000000099999999830 0.00000000099999999830 0.00000000099999999830 0.00000000099999999830 0.10753765098691833724 0.00000000099999999830 
0.00000000099999999795 0.00000000099999999795 0.00000000099999999795 0.00000000099999999795 0.00000000099999999795 0.00000000099999999795 0.00000000099999999795 0.00000000099999999795 0.00000000099999999795 0.00000000099999999795 0.00000000099999999795 0.00000000099999999795 0.99999998699999981255 0.00000000099999999795 
0.00000000099999999831 0.00000000099999999831 0.00000000099999999831 0.00000000099999999831 0.00000000099999999831 0.00000000099999999831 0.00000000099999999831 0.49363542063836912677 0.00000000099999999831 0.00000000099999999831 0.00000000099999999831 0.00000000099999999831 0.50636456736163071302 0.00000000099999999831 
0.00000000099999999796 0.00000000099999999796 0.00000000099999999796 0.00000000099999999796 0.00000000099999999796 0.00000000099999999796 0.00000000099999999796 0.00000000099999999796 0.00000000099999999796 0.00000000099999999796 0.00000000099999999796 0.00000000099999999796 0.99999998699999992358 0.00000000099999999796 
0.00000000099999999809 0.00000000099999999809 0.00000000099999999809 0.00000000099999999809 0.00000000099999999809 0.00000000099999999809 0.00000000099999999809 0.43726661435809743850 0.00000000099999999809 0.00000000099999999809 0.00000000099999999809 0.00000000099999999809 0.56273337364190234577 0.00000000099999999809 
0.00000000099999999811 0.00000000099999999811 0.00000000099999999811 0.00000000099999999811 0.00000000099999999811 0.00000000099999999811 0.00000000099999999811 0.43851472628125337527 0.00000000099999999811 0.00000000099999999811 0.00000000099999999811 0.00000000099999999811 0.56148526171874635349 0.00000000099999999811 
0.00000000099999999807 0.00000000099999999807 0.00000000099999999807 0.00000000099999999807 0.00000000099999999807 0.00000000099999999807 0.00000000099999999807 0.99999998700000003460 0.00000000099999999807 0.00000000099999999807 0.00000000099999999807 0.00000000099999999807 0.00000000099999999807 0.00000000099999999807 
0.00000000099999999815 0.00000000099999999815 0.00000000099999999815 0.00000000099999999815 0.00000000099999999815 0.00000000099999999815 0.00000000099999999815 0.29668353892287463447 0.00000000099999999815 0.00000000099999999815 0.00000000099999999815 0.00000000099999999815 0.70331644907712509429 0.00000000099999999815 
0.00000000099999999805 0.00000000099999999805 0.00000000099999999805 0.00000000099999999805 0.00000000099999999805 0.00000000099999999805 0.00000000099999999805 0.99999998699999992358 0.00000000099999999805 0.00000000099999999805 0.00000000099999999805 0.00000000099999999805 0.00000000099999999805 0.00000000099999999805 
0.00000000099999999813 0.00000000099999999813 0.00000000099999999813 0.00000000099999999813 0.00000000099999999813 0.00000000099999999813 0.00000000099999999813 0.55338410568353435526 0.00000000099999999813 0.00000000099999999813 0.00000000099999999813 0.00000000099999999813 0.44661588231646559555 0.00000000099999999813 
0.00000000099999999810 0.00000000099999999810 0.00000000099999999810 0.00000000099999999810 0.00000000099999999810 0.00000000099999999810 0.00000000099999999810 0.55632099857153494149 0.00000000099999999810 0.00000000099999999810 0.00000000099999999810 0.00000000099999999810 0.44367898942846500931 0.00000000099999999810 
0.00000000099999999798 0.00000000099999999798 0.00000000099999999798 0.00000000099999999798 0.00000000099999999798 0.00000000099999999798 0.00000000099999999798 0.99999998699999981255 0.00000000099999999798 0.00000000099999999798 0.00000000099999999798 0.00000000099999999798 0.00000000099999999798 0.00000000099999999798 
0.00000000099999999878 0.00000000099999999878 0.00000000099999999878 0.00000000099999999878 0.00000000099999999878 0.00000000099999999878 0.00000000099999999878 0.29297284379758076200 0.00000000099999999878 0.00000000099999999878 0.00000000099999999878 0.00000000099999999878 0.70702714420241896676 0.00000000099999999878 
0.00000000099999999881 0.00000000099999999881 0.00000000099999999881 0.00000000099999999881 0.00000000099999999881 0.00000000099999999881 0.00000000099999999881 0.28993328904671722412 0.00000000099999999881 0.00000000099999999881 0.00000000099999999881 0.00000000099999999881 0.71006669895328256015 0.00000000099999999881 
0.00000000099999999862 0.00000000099999999862 0.00000000099999999862 0.00000000099999999862 0.00000000099999999862 0.00000000099999999862 0.00000000099999999862 0.10489530116337654475 0.00000000099999999862 0.00000000099999999862 0.00000000099999999862 0.00000000099999999862 0.89510468683662325340 0.00000000099999999862 
0.00000000099999999865 0.00000000099999999865 0.00000000099999999865 0.00000000099999999865 0.00000000099999999865 0.00000000099999999865 0.00000000099999999865 0.10704178880867495915 0.00000000099999999865 0.00000000099999999865 0.00000000099999999865 0.00000000099999999865 0.89295819919132490838 0.00000000099999999865 
0.00000000099999999811 0.00000000099999999811 0.00000000099999999811 0.00000000099999999811 0.00000000099999999811 0.00000000099999999811 0.00000000099999999811 0.99999998699999992358 0.00000000099999999811 0.00000000099999999811 0.00000000099999999811 0.00000000099999999811 0.00000000099999999811 0.00000000099999999811 
0.00000000099999999877 0.00000000099999999877 0.00000000099999999877 0.00000000099999999877 0.00000000099999999877 0.00000000099999999877 0.00000000099999999877 0.28353095882390849658 0.00000000099999999877 0.00000000099999999877 0.00000000099999999877 0.00000000099999999877 0.71646902917609134320 0.00000000099999999877 
0.00000000099999999873 0.00000000099999999873 0.00000000099999999873 0.00000000099999999873 0.00000000099999999873 0.00000000099999999873 0.00000000099999999873 0.15180225208909139956 0.00000000099999999873 0.00000000099999999873 0.00000000099999999873 0.00000000099999999873 0.84819773591090852349 0.00000000099999999873 
0.00000000099999999801 0.00000000099999999801 0.00000000099999999801 0.00000000099999999801 0.00000000099999999801 0.00000000099999999801 0.00000000099999999801 0.99999998700000003460 0.00000000099999999801 0.00000000099999999801 0.00000000099999999801 0.00000000099999999801 0.00000000099999999801 0.00000000099999999801 
0.00000000099999999860 0.00000000099999999860 0.00000000099999999860 0.00000000099999999860 0.00000000099999999860 0.00000000099999999860 0.00000000099999999860 0.18685088823792245227 0.00000000099999999860 0.00000000099999999860 0.00000000099999999860 0.00000000099999999860 0.81314909976207738751 0.00000000099999999860 
0.00000000099999999876 0.00000000099999999876 0.00000000099999999876 0.00000000099999999876 0.00000000099999999876 0.00000000099999999876 0.00000000099999999876 0.12704864893603434739 0.00000000099999999876 0.00000000099999999876 0.00000000099999999876 0.00000000099999999876 0.87295133906396560342 0.00000000099999999876 
