0.00000000099999999885 0.00000000099999999885 0.00000000099999999885 0.00000000099999999885 0.00000000099999999885 0.00000000099999999885 0.00000000099999999885 0.07243215641307469699 0.00000000099999999885 0.00000000099999999885 0.00000000099999999885 0.00000000099999999885 0.00000000099999999885 0.15238022299020437256 0.00000000099999999885 0.59808109159173317160 0.00000000099999999885 0.00000000099999999885 0.00000000099999999885 0.00000000099999999885 0.00000000099999999885 0.00000000099999999885 0.00000000099999999885 0.00000000099999999885 0.17710650700498803412 0.00000000099999999885 
0.00000000099999999892 0.21253873058702371646 0.00000000099999999892 0.00000000099999999892 0.00000000099999999892 0.00000000099999999892 0.00000000099999999892 0.10013181335498069768 0.00000000099999999892 0.58868143665724437241 0.00000000099999999892 0.00000000099999999892 0.00000000099999999892 0.00000000099999999892 0.00000000099999999892 0.00000000099999999892 0.00000000099999999892 0.00000000099999999892 0.00000000099999999892 0.06043665988409713946 0.00000000099999999892 0.00000000099999999892 0.00000000099999999892 0.00000000099999999892 0.03821133851665445974 0.00000000099999999892 
0.00000000099999999640 0.00000000099999999640 0.00000000099999999640 0.00000000099999999640 0.00000000099999999640 0.00000000099999999640 0.00000000099999999640 0.00000000099999999640 0.00000000099999999640 0.00000000099999999640 0.00000000099999999640 0.00000000099999999640 0.00000000099999999640 0.00000000099999999640 0.00000000099999999640 0.00000000099999999640 0.99999997499999992989 0.00000000099999999640 0.00000000099999999640 0.00000000099999999640 0.00000000099999999640 0.00000000099999999640 0.00000000099999999640 0.00000000099999999640 0.00000000099999999640 0.00000000099999999640 
0.00000000099999999643 0.00000000099999999643 0.00000000099999999643 0.00000000099999999643 0.00000000099999999643 0.00000000099999999643 0.00000000099999999643 0.00000000099999999643 0.00000000099999999643 0.00000000099999999643 0.00000000099999999643 0.00000000099999999643 0.00000000099999999643 0.00000000099999999643 0.00000000099999999643 0.00000000099999999643 0.00000000099999999643 0.00000000099999999643 0.99999997499999992989 0.00000000099999999643 0.00000000099999999643 0.00000000099999999643 0.00000000099999999643 0.00000000099999999643 0.00000000099999999643 0.00000000099999999643 
0.00000000099999999612 0.00000000099999999612 0.00000000099999999612 0.99999997500000026296 0.00000000099999999612 0.00000000099999999612 0.00000000099999999612 0.00000000099999999612 0.00000000099999999612 0.00000000099999999612 0.00000000099999999612 0.00000000099999999612 0.00000000099999999612 0.00000000099999999612 0.00000000099999999612 0.00000000099999999612 0.00000000099999999612 0.00000000099999999612 0.00000000099999999612 0.00000000099999999612 0.00000000099999999612 0.00000000099999999612 0.00000000099999999612 0.00000000099999999612 0.00000000099999999612 0.00000000099999999612 
0.13154462312112774613 0.00000000099999999976 0.00000000099999999976 0.18881818086313123528 0.00000000099999999976 0.00000000099999999976 0.00142908772965895338 0.18805967479446233925 0.00000000099999999976 0.00000000099999999976 0.00000000099999999976 0.00000000099999999976 0.00000000099999999976 0.00000000099999999976 0.00000000099999999976 0.00000000099999999976 0.00000000099999999976 0.00000000099999999976 0.00000000099999999976 0.00000000099999999976 0.00000000099999999976 0.00000000099999999976 0.00000000099999999976 0.47793212615851510261 0.01221628733310501334 0.00000000099999999976 
0.00000000099999999680 0.00000000099999999680 0.00000000099999999680 0.00000000099999999680 0.00000000099999999680 0.00000000099999999680 0.00000000099999999680 0.00000000099999999680 0.00000000099999999680 0.00000000099999999680 0.00000000099999999680 0.00000000099999999680 0.00000000099999999680 0.00000000099999999680 0.99999997499999992989 0.00000000099999999680 0.00000000099999999680 0.00000000099999999680 0.00000000099999999680 0.00000000099999999680 0.00000000099999999680 0.00000000099999999680 0.00000000099999999680 0.00000000099999999680 0.00000000099999999680 0.00000000099999999680 
0.00000000099999999988 0.00000000099999999988 0.01332290654892189126 0.02746434098893023312 0.09074155094863160798 0.08836979812156656178 0.02203652762670270035 0.00000000099999999988 0.04376949020329217593 0.00000000099999999988 0.17788276790832535657 0.06649813893296821488 0.06486362609614532149 0.01148830890562253793 0.00000000099999999988 0.00000000099999999988 0.00000000099999999988 0.00902868141067209203 0.00000000099999999988 0.00000000099999999988 0.05888738296438124353 0.01317193264184560175 0.07006746230689733790 0.24240707339509739993 0.00000000099999999988 0.00000000099999999988 
0.00000000099999999895 0.14170139400164671883 0.00000000099999999895 0.00000000099999999895 0.00000000099999999895 0.00000000099999999895 0.00000000099999999895 0.06836922227091157822 0.00000000099999999895 0.00000000099999999895 0.00000000099999999895 0.00000000099999999895 0.00000000099999999895 0.00000000099999999895 0.00000000099999999895 0.00000000099999999895 0.52938731473538180872 0.00000000099999999895 0.00000000099999999895 0.26054204699206001683 0.00000000099999999895 0.00000000099999999895 0.00000000099999999895 0.00000000099999999895 0.00000000099999999895 0.00000000099999999895 
0.00000000099999999601 0.00000000099999999601 0.00000000099999999601 0.00000000099999999601 0.00000000099999999601 0.00000000099999999601 0.00000000099999999601 0.00000000099999999601 0.99999997500000015194 0.00000000099999999601 0.00000000099999999601 0.00000000099999999601 0.00000000099999999601 0.00000000099999999601 0.00000000099999999601 0.00000000099999999601 0.00000000099999999601 0.00000000099999999601 0.00000000099999999601 0.00000000099999999601 0.00000000099999999601 0.00000000099999999601 0.00000000099999999601 0.00000000099999999601 0.00000000099999999601 0.00000000099999999601 
0.10657650263923985900 0.20742884245272755206 0.00000000099999999883 0.00000000099999999883 0.00000000099999999883 0.00000000099999999883 0.00000000099999999883 0.03741470652627711807 0.00000000099999999883 0.00000000099999999883 0.00000000099999999883 0.00000000099999999883 0.00000000099999999883 0.00000000099999999883 0.00000000099999999883 0.00000000099999999883 0.00000000099999999883 0.00000000099999999883 0.35734372736007813387 0.07562220367179176006 0.00000000099999999883 0.00000000099999999883 0.00000000099999999883 0.00000000099999999883 0.21561399734988515031 0.00000000099999999883 
0.19567670509846052385 0.31253861652122494341 0.00000000099999999717 0.00000000099999999717 0.00000000099999999717 0.00000000099999999717 0.00000000099999999717 0.11314816231095478627 0.00000000099999999717 0.00000000099999999717 0.00000000099999999717 0.00000000099999999717 0.00000000099999999717 0.03623143541897295289 0.00000000099999999717 0.00000000099999999717 0.00000000099999999717 0.00000000099999999717 0.00000000099999999717 0.00000000099999999717 0.00000000099999999717 0.00000000099999999717 0.00000000099999999717 0.00000000099999999717 0.34240505965038736669 0.00000000099999999717 
0.11517856981941056171 0.05247447218921418716 0.00234525557539501687 0.00541605401615236071 0.01405905846815859797 0.01392317765120530335 0.00131604082398186157 0.00000000099999999999 0.00887300444421243277 0.00129001984556383151 0.00330012692617636131 0.00384913243853502503 0.00042274276345586671 0.00012966173194887157 0.00081203246809289232 0.00874753973744831284 0.00980627561735015855 0.00086709388014055298 0.00000000099999999999 0.52098172225455607887 0.01320861126543061009 0.00046971357286857161 0.00421136500870878793 0.05640253466018642359 0.15639793311016053634 0.00551785973164661825 
0.00000000099999999998 0.22749949606987046602 0.00436440246733608029 0.00161267916920742704 0.01385982866221272848 0.01233539341853940284 0.00074109516313031676 0.12395383355218420052 0.00777662083962719995 0.00066681326471808582 0.00154771076702124827 0.00126824279738905685 0.00116587581103742236 0.00000000099999999998 0.00040888820225078084 0.01059487112709043936 0.00999620014975327424 0.00540836541350120121 0.00000000099999999998 0.48459500320069742729 0.01317161233348678948 0.00373487428607971938 0.00346018781512878520 0.05186582724790079341 0.01693072743932437854 0.00304144780251264842 
0.01939206459899265114 0.25540943255933706846 0.00500400401622808858 0.00588554591850925461 0.01704825408457992519 0.01299400137078517495 0.00348528268562511585 0.00000000099999999998 0.00732256189005685027 0.00119058041585577527 0.00557183011781990471 0.00168852745718320015 0.00216660140055715969 0.00000000099999999998 0.00021173728028389948 0.01337347249781584146 0.01288538359929577472 0.00154121949745703946 0.00000000099999999998 0.54234198799819066661 0.01712381109431543313 0.00355585187872252623 0.00502037527075275755 0.06150658152712985133 0.00000000099999999998 0.00528088884050584122 
0.24093165029718080494 0.00001318306204358645 0.00000000099999999902 0.00000000099999999902 0.00000000099999999902 0.00000000099999999902 0.00000000099999999902 0.23482257035181375304 0.00000000099999999902 0.00000000099999999902 0.00000000099999999902 0.00000000099999999902 0.00000000099999999902 0.00000000099999999902 0.00000000099999999902 0.00000000099999999902 0.00000000099999999902 0.00000000099999999902 0.00000000099999999902 0.02280444555721464553 0.00000000099999999902 0.00000000099999999902 0.44631107621568977262 0.00000000099999999902 0.05511705451605718870 0.00000000099999999902 
0.29826112561834411396 0.45233648204187598685 0.00000000099999999670 0.00000000099999999670 0.00000000099999999670 0.00000000099999999670 0.00000000099999999670 0.08066146249324446238 0.00000000099999999670 0.00000000099999999670 0.00000000099999999670 0.00000000099999999670 0.00000000099999999670 0.00000000099999999670 0.00000000099999999670 0.00000000099999999670 0.00000000099999999670 0.00000000099999999670 0.00000000099999999670 0.00000000099999999670 0.00000000099999999670 0.00000000099999999670 0.00000000099999999670 0.00000000099999999670 0.16874090784653617003 0.00000000099999999670 
0.32540709685705471177 0.24136362809893197046 0.00000000099999999702 0.00000000099999999702 0.00000000099999999702 0.00000000099999999702 0.00000000099999999702 0.15302226614849032127 0.00000000099999999702 0.00000000099999999702 0.00000000099999999702 0.00000000099999999702 0.00000000099999999702 0.00000000099999999702 0.00000000099999999702 0.00000000099999999702 0.00000000099999999702 0.00000000099999999702 0.00000000099999999702 0.08230520856395323603 0.00000000099999999702 0.00000000099999999702 0.00000000099999999702 0.00000000099999999702 0.19790177933157016010 0.00000000099999999702 
0.00000000099999999703 0.00000000099999999703 0.00000000099999999703 0.00000000099999999703 0.00000000099999999703 0.00000000099999999703 0.00000000099999999703 0.27068272211889893297 0.00000000099999999703 0.00000000099999999703 0.00000000099999999703 0.00000000099999999703 0.00000000099999999703 0.34233251752499682663 0.00000000099999999703 0.00000000099999999703 0.00000000099999999703 0.00000000099999999703 0.00000000099999999703 0.00000000099999999703 0.00000000099999999703 0.00000000099999999703 0.00000000099999999703 0.00000000099999999703 0.38698473735610439128 0.00000000099999999703 
0.00000000099999999685 0.00000000099999999685 0.00000000099999999685 0.00000000099999999685 0.00000000099999999685 0.00000000099999999685 0.00000000099999999685 0.27064858406480052366 0.00000000099999999685 0.00000000099999999685 0.00000000099999999685 0.00000000099999999685 0.00000000099999999685 0.34269226910649264184 0.00000000099999999685 0.00000000099999999685 0.00000000099999999685 0.00000000099999999685 0.00000000099999999685 0.00000000099999999685 0.00000000099999999685 0.00000000099999999685 0.00000000099999999685 0.00000000099999999685 0.38665912382870698538 0.00000000099999999685 
0.00000000099999999685 0.00000000099999999685 0.00000000099999999685 0.00000000099999999685 0.00000000099999999685 0.00000000099999999685 0.00000000099999999685 0.27033326233240989600 0.00000000099999999685 0.00000000099999999685 0.00000000099999999685 0.00000000099999999685 0.00000000099999999685 0.34223202715594697176 0.00000000099999999685 0.00000000099999999685 0.00000000099999999685 0.00000000099999999685 0.00000000099999999685 0.00000000099999999685 0.00000000099999999685 0.00000000099999999685 0.00000000099999999685 0.00000000099999999685 0.38743468751164322761 0.00000000099999999685 
0.00000000099999999687 0.00000000099999999687 0.00000000099999999687 0.00000000099999999687 0.00000000099999999687 0.00000000099999999687 0.00000000099999999687 0.00000000099999999687 0.00000000099999999687 0.00000000099999999687 0.00000000099999999687 0.00000000099999999687 0.00000000099999999687 0.42371616864523731216 0.00000000099999999687 0.00000000099999999687 0.00000000099999999687 0.00000000099999999687 0.00000000099999999687 0.09777806622457020647 0.00000000099999999687 0.00000000099999999687 0.00000000099999999687 0.00000000099999999687 0.47850574213019242409 0.00000000099999999687 
0.00000000099999999686 0.00000000099999999686 0.00000000099999999686 0.00000000099999999686 0.00000000099999999686 0.00000000099999999686 0.00000000099999999686 0.00000000099999999686 0.00000000099999999686 0.00000000099999999686 0.00000000099999999686 0.00000000099999999686 0.00000000099999999686 0.42339281053647837005 0.00000000099999999686 0.00000000099999999686 0.00000000099999999686 0.00000000099999999686 0.00000000099999999686 0.10052571516040283151 0.00000000099999999686 0.00000000099999999686 0.00000000099999999686 0.00000000099999999686 0.47608145130311874116 0.00000000099999999686 
0.00000000099999999702 0.20960680121162961198 0.00000000099999999702 0.00000000099999999702 0.00000000099999999702 0.00000000099999999702 0.00000000099999999702 0.02659024987318382716 0.00000000099999999702 0.00000000099999999702 0.00000000099999999702 0.00000000099999999702 0.00000000099999999702 0.37626106818314947189 0.00000000099999999702 0.00000000099999999702 0.00000000099999999702 0.00000000099999999702 0.00000000099999999702 0.00000000099999999702 0.00000000099999999702 0.00000000099999999702 0.00000000099999999702 0.00000000099999999702 0.38754185873203739199 0.00000000099999999702 
0.00000000099999999715 0.33048024626497179979 0.00000000099999999715 0.00000000099999999715 0.00000000099999999715 0.00000000099999999715 0.00000000099999999715 0.21908490601681759880 0.00000000099999999715 0.00000000099999999715 0.00000000099999999715 0.00000000099999999715 0.00000000099999999715 0.00417020525403368272 0.00000000099999999715 0.00000000099999999715 0.00000000099999999715 0.00000000099999999715 0.00000000099999999715 0.44626462046417697538 0.00000000099999999715 0.00000000099999999715 0.00000000099999999715 0.00000000099999999715 0.00000000099999999715 0.00000000099999999715 
0.26209929205606741220 0.34464768408814255851 0.00000000099999999697 0.00000000099999999697 0.00000000099999999697 0.00000000099999999697 0.00000000099999999697 0.14234536149890808510 0.00000000099999999697 0.00000000099999999697 0.00000000099999999697 0.00000000099999999697 0.00000000099999999697 0.00000000099999999697 0.00000000099999999697 0.00000000099999999697 0.00000000099999999697 0.00000000099999999697 0.00000000099999999697 0.00000000099999999697 0.00000000099999999697 0.00000000099999999697 0.00000000099999999697 0.00000000099999999697 0.25090764035688256639 0.00000000099999999697 
0.21622501820402545425 0.27107127441055722805 0.00000000099999999689 0.00000000099999999689 0.00000000099999999689 0.00000000099999999689 0.00000000099999999689 0.02995764944880345212 0.00000000099999999689 0.00000000099999999689 0.00000000099999999689 0.00000000099999999689 0.00000000099999999689 0.00000000099999999689 0.00000000099999999689 0.00000000099999999689 0.00000000099999999689 0.00000000099999999689 0.00000000099999999689 0.17648122623148435051 0.00000000099999999689 0.00000000099999999689 0.00000000099999999689 0.00000000099999999689 0.30626481070512978633 0.00000000099999999689 
0.29794818570278036596 0.42255107609025005511 0.00000000099999999667 0.00000000099999999667 0.00000000099999999667 0.00000000099999999667 0.00000000099999999667 0.00000000099999999667 0.00000000099999999667 0.00000000099999999667 0.00000000099999999667 0.00000000099999999667 0.00000000099999999667 0.00000000099999999667 0.00000000099999999667 0.00000000099999999667 0.00000000099999999667 0.00000000099999999667 0.00000000099999999667 0.00000000099999999667 0.00000000099999999667 0.00000000099999999667 0.00000000099999999667 0.00000000099999999667 0.27950071520697006289 0.00000000099999999667 
0.00000000099999999627 0.00000000099999999627 0.00000000099999999627 0.00000000099999999627 0.00000000099999999627 0.00000000099999999627 0.00000000099999999627 0.00000000099999999627 0.00000000099999999627 0.00000000099999999627 0.00000000099999999627 0.00000000099999999627 0.00000000099999999627 0.00000000099999999627 0.00000000099999999627 0.00000000099999999627 0.00000000099999999627 0.00000000099999999627 0.00000000099999999627 0.99999997499999992989 0.00000000099999999627 0.00000000099999999627 0.00000000099999999627 0.00000000099999999627 0.00000000099999999627 0.00000000099999999627 
0.15076313507777300282 0.41458021980099030168 0.00000000099999999667 0.00000000099999999667 0.00000000099999999667 0.00000000099999999667 0.00000000099999999667 0.00000000099999999667 0.00000000099999999667 0.00000000099999999667 0.00000000099999999667 0.00000000099999999667 0.00000000099999999667 0.00000000099999999667 0.00000000099999999667 0.00000000099999999667 0.00000000099999999667 0.00000000099999999667 0.00000000099999999667 0.30544130426738291817 0.00000000099999999667 0.00000000099999999667 0.00000000099999999667 0.00000000099999999667 0.12921531885385451055 0.00000000099999999667 
0.15969323860540185489 0.24728627153380405845 0.00000000099999999674 0.00000000099999999674 0.00000000099999999674 0.00000000099999999674 0.00000000099999999674 0.00000000099999999674 0.00000000099999999674 0.00000000099999999674 0.00000000099999999674 0.00000000099999999674 0.00000000099999999674 0.00000000099999999674 0.00000000099999999674 0.00000000099999999674 0.00000000099999999674 0.00000000099999999674 0.00000000099999999674 0.22798866618763555247 0.00000000099999999674 0.00000000099999999674 0.00000000099999999674 0.00000000099999999674 0.36503180167315818494 0.00000000099999999674 
0.23713211156677516112 0.34335274236731011532 0.00000000099999999676 0.00000000099999999676 0.00000000099999999676 0.00000000099999999676 0.00000000099999999676 0.00000000099999999676 0.00000000099999999676 0.00000000099999999676 0.00000000099999999676 0.00000000099999999676 0.00000000099999999676 0.00000000099999999676 0.00000000099999999676 0.00000000099999999676 0.00000000099999999676 0.00000000099999999676 0.00000000099999999676 0.12979606268910159894 0.00000000099999999676 0.00000000099999999676 0.00000000099999999676 0.00000000099999999676 0.28971906137681369131 0.00000000099999999676 
0.31090861206239195358 0.41066018628557127146 0.00000000099999999682 0.00000000099999999682 0.00000000099999999682 0.00000000099999999682 0.00000000099999999682 0.13248509328560748033 0.00000000099999999682 0.00000000099999999682 0.00000000099999999682 0.00000000099999999682 0.00000000099999999682 0.00000000099999999682 0.00000000099999999682 0.00000000099999999682 0.00000000099999999682 0.00000000099999999682 0.00000000099999999682 0.00000000099999999682 0.00000000099999999682 0.00000000099999999682 0.00000000099999999682 0.00000000099999999682 0.14594608636642986133 0.00000000099999999682 
0.17810622634366965467 0.29447653885144786656 0.00000000099999999677 0.00000000099999999677 0.00000000099999999677 0.00000000099999999677 0.00000000099999999677 0.08751657297409023983 0.00000000099999999677 0.00000000099999999677 0.00000000099999999677 0.00000000099999999677 0.00000000099999999677 0.00000000099999999677 0.00000000099999999677 0.00000000099999999677 0.00000000099999999677 0.00000000099999999677 0.00000000099999999677 0.08943799690922213386 0.00000000099999999677 0.00000000099999999677 0.00000000099999999677 0.00000000099999999677 0.35046264392157039369 0.00000000099999999677 
0.19797088706349133536 0.32521098621236438353 0.00000000099999999674 0.00000000099999999674 0.00000000099999999674 0.00000000099999999674 0.00000000099999999674 0.07380292112161219997 0.00000000099999999674 0.00000000099999999674 0.00000000099999999674 0.00000000099999999674 0.00000000099999999674 0.00000000099999999674 0.00000000099999999674 0.00000000099999999674 0.00000000099999999674 0.00000000099999999674 0.00000000099999999674 0.07451759573083616139 0.00000000099999999674 0.00000000099999999674 0.00000000099999999674 0.00000000099999999674 0.32849758887169655530 0.00000000099999999674 
0.25668798046149382541 0.23089110397610049241 0.00000000099999999688 0.00000000099999999688 0.00000000099999999688 0.00000000099999999688 0.00000000099999999688 0.06019611022639842490 0.00000000099999999688 0.00000000099999999688 0.00000000099999999688 0.00000000099999999688 0.00000000099999999688 0.00000000099999999688 0.00000000099999999688 0.00000000099999999688 0.00000000099999999688 0.00000000099999999688 0.00000000099999999688 0.18054622871375797244 0.00000000099999999688 0.00000000099999999688 0.00000000099999999688 0.00000000099999999688 0.27167855562224962895 0.00000000099999999688 
0.00000000099999999650 0.28971639243447677714 0.00000000099999999650 0.00000000099999999650 0.00000000099999999650 0.00000000099999999650 0.00000000099999999650 0.14149944587844637267 0.00000000099999999650 0.00000000099999999650 0.00000000099999999650 0.00000000099999999650 0.00000000099999999650 0.00000000099999999650 0.00000000099999999650 0.00000000099999999650 0.00000000099999999650 0.00000000099999999650 0.00000000099999999650 0.56878413868707633494 0.00000000099999999650 0.00000000099999999650 0.00000000099999999650 0.00000000099999999650 0.00000000099999999650 0.00000000099999999650 
0.00000000099999999692 0.03272656424708154238 0.00000000099999999692 0.00000000099999999692 0.00000000099999999692 0.00000000099999999692 0.00000000099999999692 0.09331274411631443333 0.00000000099999999692 0.00000000099999999692 0.00000000099999999692 0.00000000099999999692 0.00000000099999999692 0.35972787882294082751 0.00000000099999999692 0.00000000099999999692 0.00000000099999999692 0.00000000099999999692 0.00000000099999999692 0.00000000099999999692 0.00000000099999999692 0.00000000099999999692 0.00000000099999999692 0.00000000099999999692 0.51423279081366290999 0.00000000099999999692 
0.00000000099999999699 0.00000000099999999699 0.00000000099999999699 0.00000000099999999699 0.00000000099999999699 0.00000000099999999699 0.00000000099999999699 0.00000000099999999699 0.00000000099999999699 0.00000000099999999699 0.00000000099999999699 0.00000000099999999699 0.00000000099999999699 0.03237461791875424072 0.00000000099999999699 0.00000000099999999699 0.00000000099999999699 0.00000000099999999699 0.00000000099999999699 0.96762535808124550130 0.00000000099999999699 0.00000000099999999699 0.00000000099999999699 0.00000000099999999699 0.00000000099999999699 0.00000000099999999699 
0.27035734864928950838 0.22340698258315397351 0.00000000099999999688 0.00000000099999999688 0.00000000099999999688 0.00000000099999999688 0.00000000099999999688 0.12167062657510868684 0.00000000099999999688 0.00000000099999999688 0.00000000099999999688 0.00000000099999999688 0.00000000099999999688 0.00000000099999999688 0.00000000099999999688 0.00000000099999999688 0.00000000099999999688 0.00000000099999999688 0.00000000099999999688 0.11267649974915183719 0.00000000099999999688 0.00000000099999999688 0.00000000099999999688 0.00000000099999999688 0.27188852144329628269 0.00000000099999999688 
0.00000000099999999691 0.09970129936959010175 0.00000000099999999691 0.00000000099999999691 0.00000000099999999691 0.00000000099999999691 0.00000000099999999691 0.00000000099999999691 0.00000000099999999691 0.00000000099999999691 0.00000000099999999691 0.00000000099999999691 0.00000000099999999691 0.41402545052124206659 0.00000000099999999691 0.00000000099999999691 0.00000000099999999691 0.00000000099999999691 0.00000000099999999691 0.02179372256079145642 0.00000000099999999691 0.00000000099999999691 0.00000000099999999691 0.00000000099999999691 0.46447950554837669213 0.00000000099999999691 
0.16421061555366373019 0.27133898486695368080 0.00000000099999999684 0.00000000099999999684 0.00000000099999999684 0.00000000099999999684 0.00000000099999999684 0.08179442198112078788 0.00000000099999999684 0.00000000099999999684 0.00000000099999999684 0.00000000099999999684 0.00000000099999999684 0.00000000099999999684 0.00000000099999999684 0.00000000099999999684 0.00000000099999999684 0.00000000099999999684 0.00000000099999999684 0.32022957353984032869 0.00000000099999999684 0.00000000099999999684 0.00000000099999999684 0.00000000099999999684 0.16242638305842174717 0.00000000099999999684 
0.00000000099999999653 0.21846136352002865078 0.00000000099999999653 0.00000000099999999653 0.00000000099999999653 0.00000000099999999653 0.00000000099999999653 0.15769698449388719341 0.00000000099999999653 0.00000000099999999653 0.00000000099999999653 0.00000000099999999653 0.00000000099999999653 0.00000000099999999653 0.00000000099999999653 0.00000000099999999653 0.00000000099999999653 0.00000000099999999653 0.00000000099999999653 0.62384162898608352954 0.00000000099999999653 0.00000000099999999653 0.00000000099999999653 0.00000000099999999653 0.00000000099999999653 0.00000000099999999653 
0.13869623425044930176 0.06260580586944340664 0.00000000099999999684 0.00000000099999999684 0.00000000099999999684 0.00000000099999999684 0.00000000099999999684 0.41093905272804542861 0.00000000099999999684 0.00000000099999999684 0.00000000099999999684 0.00000000099999999684 0.00000000099999999684 0.00000000099999999684 0.00000000099999999684 0.00000000099999999684 0.00000000099999999684 0.00000000099999999684 0.00000000099999999684 0.38775888515206202722 0.00000000099999999684 0.00000000099999999684 0.00000000099999999684 0.00000000099999999684 0.00000000099999999684 0.00000000099999999684 
0.35780594850244240579 0.37995485450129784510 0.00000000099999999668 0.00000000099999999668 0.00000000099999999668 0.00000000099999999668 0.00000000099999999668 0.00005326691558935238 0.00000000099999999668 0.00000000099999999668 0.00000000099999999668 0.00000000099999999668 0.00000000099999999668 0.00000000099999999668 0.00000000099999999668 0.00000000099999999668 0.00000000099999999668 0.00000000099999999668 0.00000000099999999668 0.08332816024834574509 0.00000000099999999668 0.00000000099999999668 0.00000000099999999668 0.00000000099999999668 0.17885774883232546939 0.00000000099999999668 
0.04091543790307556466 0.31041709724045229990 0.00000000099999999685 0.00000000099999999685 0.00000000099999999685 0.00000000099999999685 0.00000000099999999685 0.15556209183491026549 0.00000000099999999685 0.00000000099999999685 0.00000000099999999685 0.00000000099999999685 0.00000000099999999685 0.00000000099999999685 0.00000000099999999685 0.00000000099999999685 0.00000000099999999685 0.00000000099999999685 0.00000000099999999685 0.19473883807902239718 0.00000000099999999685 0.00000000099999999685 0.00000000099999999685 0.00000000099999999685 0.29836651394253971281 0.00000000099999999685 
0.45776695712309167785 0.00000000099999999625 0.00000000099999999625 0.00000000099999999625 0.00000000099999999625 0.00000000099999999625 0.00000000099999999625 0.54223301887690833478 0.00000000099999999625 0.00000000099999999625 0.00000000099999999625 0.00000000099999999625 0.00000000099999999625 0.00000000099999999625 0.00000000099999999625 0.00000000099999999625 0.00000000099999999625 0.00000000099999999625 0.00000000099999999625 0.00000000099999999625 0.00000000099999999625 0.00000000099999999625 0.00000000099999999625 0.00000000099999999625 0.00000000099999999625 0.00000000099999999625 
0.29219107229553192839 0.19580854713879500273 0.00000000099999999691 0.00000000099999999691 0.00000000099999999691 0.00000000099999999691 0.00000000099999999691 0.12361233254350284527 0.00000000099999999691 0.00000000099999999691 0.00000000099999999691 0.00000000099999999691 0.00000000099999999691 0.00000000099999999691 0.00000000099999999691 0.00000000099999999691 0.00000000099999999691 0.00000000099999999691 0.00000000099999999691 0.13419970766271188678 0.00000000099999999691 0.00000000099999999691 0.00000000099999999691 0.00000000099999999691 0.25418831935945845890 0.00000000099999999691 
0.08189401529204559660 0.00000000099999999690 0.00000000099999999690 0.00000000099999999690 0.00000000099999999690 0.00000000099999999690 0.00000000099999999690 0.00000000099999999690 0.00000000099999999690 0.00000000099999999690 0.00000000099999999690 0.00000000099999999690 0.00000000099999999690 0.00000000099999999690 0.00000000099999999690 0.00000000099999999690 0.00000000099999999690 0.00000000099999999690 0.00000000099999999690 0.84142898668168319976 0.00000000099999999690 0.00000000099999999690 0.00000000099999999690 0.00000000099999999690 0.07667697502627143780 0.00000000099999999690 
0.00000000099999999636 0.00000000099999999636 0.00000000099999999636 0.00000000099999999636 0.00000000099999999636 0.00000000099999999636 0.00000000099999999636 0.00000000099999999636 0.00000000099999999636 0.00000000099999999636 0.00000000099999999636 0.00000000099999999636 0.00000000099999999636 0.00000000099999999636 0.00000000099999999636 0.00000000099999999636 0.00000000099999999636 0.00000000099999999636 0.00000000099999999636 0.99999997499999981887 0.00000000099999999636 0.00000000099999999636 0.00000000099999999636 0.00000000099999999636 0.00000000099999999636 0.00000000099999999636 
0.16375642009058144488 0.35100851501865515392 0.00000000099999999690 0.00000000099999999690 0.00000000099999999690 0.00000000099999999690 0.00000000099999999690 0.05112550566199193514 0.00000000099999999690 0.00000000099999999690 0.00000000099999999690 0.00000000099999999690 0.00000000099999999690 0.00000000099999999690 0.00000000099999999690 0.00000000099999999690 0.00000000099999999690 0.00000000099999999690 0.00000000099999999690 0.23599942819420746676 0.00000000099999999690 0.00000000099999999690 0.00000000099999999690 0.00000000099999999690 0.19811011003456463486 0.00000000099999999690 
0.26197045145982994496 0.25598902891477981481 0.00000000099999999679 0.00000000099999999679 0.00000000099999999679 0.00000000099999999679 0.00000000099999999679 0.06333001843199760617 0.00000000099999999679 0.00000000099999999679 0.00000000099999999679 0.00000000099999999679 0.00000000099999999679 0.00000000099999999679 0.00000000099999999679 0.00000000099999999679 0.00000000099999999679 0.00000000099999999679 0.00000000099999999679 0.15102243280057245367 0.00000000099999999679 0.00000000099999999679 0.00000000099999999679 0.00000000099999999679 0.26768804739282070493 0.00000000099999999679 
0.13706084479849595104 0.30692977076348354482 0.00000000099999999673 0.00000000099999999673 0.00000000099999999673 0.00000000099999999673 0.00000000099999999673 0.00000000099999999673 0.00000000099999999673 0.00000000099999999673 0.00000000099999999673 0.00000000099999999673 0.00000000099999999673 0.00000000099999999673 0.00000000099999999673 0.00000000099999999673 0.00000000099999999673 0.00000000099999999673 0.00000000099999999673 0.20902070784058593422 0.00000000099999999673 0.00000000099999999673 0.00000000099999999673 0.00000000099999999673 0.34698865459743422068 0.00000000099999999673 
0.00000000099999999689 0.00000000099999999689 0.00000000099999999689 0.00000000099999999689 0.00000000099999999689 0.00000000099999999689 0.00000000099999999689 0.02098607468482047156 0.00000000099999999689 0.00000000099999999689 0.00000000099999999689 0.00000000099999999689 0.00000000099999999689 0.35828615002540531442 0.00000000099999999689 0.00000000099999999689 0.00000000099999999689 0.00000000099999999689 0.00000000099999999689 0.27917995704488640651 0.00000000099999999689 0.00000000099999999689 0.00000000099999999689 0.00000000099999999689 0.34154779624488773582 0.00000000099999999689 
0.00000000099999999709 0.00000000099999999709 0.00000000099999999709 0.00000000099999999709 0.00000000099999999709 0.00000000099999999709 0.00000000099999999709 0.13926493097878550609 0.00000000099999999709 0.00000000099999999709 0.00000000099999999709 0.00000000099999999709 0.00000000099999999709 0.42091283921917266309 0.00000000099999999709 0.00000000099999999709 0.00000000099999999709 0.00000000099999999709 0.00000000099999999709 0.00000000099999999709 0.00000000099999999709 0.00000000099999999709 0.00000000099999999709 0.00000000099999999709 0.43982220680204203722 0.00000000099999999709 
0.52486310858500784260 0.00000000099999999653 0.00000000099999999653 0.00000000099999999653 0.00000000099999999653 0.00000000099999999653 0.00000000099999999653 0.47513686741499244759 0.00000000099999999653 0.00000000099999999653 0.00000000099999999653 0.00000000099999999653 0.00000000099999999653 0.00000000099999999653 0.00000000099999999653 0.00000000099999999653 0.00000000099999999653 0.00000000099999999653 0.00000000099999999653 0.00000000099999999653 0.00000000099999999653 0.00000000099999999653 0.00000000099999999653 0.00000000099999999653 0.00000000099999999653 0.00000000099999999653 
0.00000000099999999712 0.00000000099999999712 0.00000000099999999712 0.00000000099999999712 0.00000000099999999712 0.00000000099999999712 0.00000000099999999712 0.16376560447873725335 0.00000000099999999712 0.00000000099999999712 0.00000000099999999712 0.00000000099999999712 0.00000000099999999712 0.42841340574689645848 0.00000000099999999712 0.00000000099999999712 0.00000000099999999712 0.00000000099999999712 0.00000000099999999712 0.00000000099999999712 0.00000000099999999712 0.00000000099999999712 0.00000000099999999712 0.00000000099999999712 0.40782096677436646681 0.00000000099999999712 
0.51370438903259851848 0.00000000099999999635 0.00000000099999999635 0.00000000099999999635 0.00000000099999999635 0.00000000099999999635 0.00000000099999999635 0.48629558696740177171 0.00000000099999999635 0.00000000099999999635 0.00000000099999999635 0.00000000099999999635 0.00000000099999999635 0.00000000099999999635 0.00000000099999999635 0.00000000099999999635 0.00000000099999999635 0.00000000099999999635 0.00000000099999999635 0.00000000099999999635 0.00000000099999999635 0.00000000099999999635 0.00000000099999999635 0.00000000099999999635 0.00000000099999999635 0.00000000099999999635 
0.51412297888152258540 0.00000000099999999633 0.00000000099999999633 0.00000000099999999633 0.00000000099999999633 0.00000000099999999633 0.00000000099999999633 0.48587699711847781581 0.00000000099999999633 0.00000000099999999633 0.00000000099999999633 0.00000000099999999633 0.00000000099999999633 0.00000000099999999633 0.00000000099999999633 0.00000000099999999633 0.00000000099999999633 0.00000000099999999633 0.00000000099999999633 0.00000000099999999633 0.00000000099999999633 0.00000000099999999633 0.00000000099999999633 0.00000000099999999633 0.00000000099999999633 0.00000000099999999633 
0.53286416846440198825 0.00000000099999999655 0.00000000099999999655 0.00000000099999999655 0.00000000099999999655 0.00000000099999999655 0.00000000099999999655 0.46713580753559830194 0.00000000099999999655 0.00000000099999999655 0.00000000099999999655 0.00000000099999999655 0.00000000099999999655 0.00000000099999999655 0.00000000099999999655 0.00000000099999999655 0.00000000099999999655 0.00000000099999999655 0.00000000099999999655 0.00000000099999999655 0.00000000099999999655 0.00000000099999999655 0.00000000099999999655 0.00000000099999999655 0.00000000099999999655 0.00000000099999999655 
0.42618310121701147297 0.00000000099999999629 0.00000000099999999629 0.00000000099999999629 0.00000000099999999629 0.00000000099999999629 0.00000000099999999629 0.57381687478298859517 0.00000000099999999629 0.00000000099999999629 0.00000000099999999629 0.00000000099999999629 0.00000000099999999629 0.00000000099999999629 0.00000000099999999629 0.00000000099999999629 0.00000000099999999629 0.00000000099999999629 0.00000000099999999629 0.00000000099999999629 0.00000000099999999629 0.00000000099999999629 0.00000000099999999629 0.00000000099999999629 0.00000000099999999629 0.00000000099999999629 
0.51876593404553406064 0.00000000099999999637 0.00000000099999999637 0.00000000099999999637 0.00000000099999999637 0.00000000099999999637 0.00000000099999999637 0.48123404195446634057 0.00000000099999999637 0.00000000099999999637 0.00000000099999999637 0.00000000099999999637 0.00000000099999999637 0.00000000099999999637 0.00000000099999999637 0.00000000099999999637 0.00000000099999999637 0.00000000099999999637 0.00000000099999999637 0.00000000099999999637 0.00000000099999999637 0.00000000099999999637 0.00000000099999999637 0.00000000099999999637 0.00000000099999999637 0.00000000099999999637 
0.45002243059768848310 0.00000000099999999630 0.00000000099999999630 0.00000000099999999630 0.00000000099999999630 0.00000000099999999630 0.00000000099999999630 0.54997754540231147402 0.00000000099999999630 0.00000000099999999630 0.00000000099999999630 0.00000000099999999630 0.00000000099999999630 0.00000000099999999630 0.00000000099999999630 0.00000000099999999630 0.00000000099999999630 0.00000000099999999630 0.00000000099999999630 0.00000000099999999630 0.00000000099999999630 0.00000000099999999630 0.00000000099999999630 0.00000000099999999630 0.00000000099999999630 0.00000000099999999630 
0.51603192219875493318 0.00000000099999999645 0.00000000099999999645 0.00000000099999999645 0.00000000099999999645 0.00000000099999999645 0.00000000099999999645 0.48396805380124552354 0.00000000099999999645 0.00000000099999999645 0.00000000099999999645 0.00000000099999999645 0.00000000099999999645 0.00000000099999999645 0.00000000099999999645 0.00000000099999999645 0.00000000099999999645 0.00000000099999999645 0.00000000099999999645 0.00000000099999999645 0.00000000099999999645 0.00000000099999999645 0.00000000099999999645 0.00000000099999999645 0.00000000099999999645 0.00000000099999999645 
0.51847362006292330161 0.00000000099999999637 0.00000000099999999637 0.00000000099999999637 0.00000000099999999637 0.00000000099999999637 0.00000000099999999637 0.48152635593707704409 0.00000000099999999637 0.00000000099999999637 0.00000000099999999637 0.00000000099999999637 0.00000000099999999637 0.00000000099999999637 0.00000000099999999637 0.00000000099999999637 0.00000000099999999637 0.00000000099999999637 0.00000000099999999637 0.00000000099999999637 0.00000000099999999637 0.00000000099999999637 0.00000000099999999637 0.00000000099999999637 0.00000000099999999637 0.00000000099999999637 
0.51262702995047670917 0.00000000099999999680 0.00000000099999999680 0.00000000099999999680 0.00000000099999999680 0.00000000099999999680 0.00000000099999999680 0.48737294604952358101 0.00000000099999999680 0.00000000099999999680 0.00000000099999999680 0.00000000099999999680 0.00000000099999999680 0.00000000099999999680 0.00000000099999999680 0.00000000099999999680 0.00000000099999999680 0.00000000099999999680 0.00000000099999999680 0.00000000099999999680 0.00000000099999999680 0.00000000099999999680 0.00000000099999999680 0.00000000099999999680 0.00000000099999999680 0.00000000099999999680 
