0.00000000099999999882 0.00000000099999999882 0.00000000099999999882 0.00000000099999999882 0.04039590412673174646 0.00000000099999999882 0.00000000099999999882 0.00000000099999999882 0.00000000099999999882 0.00000000099999999882 0.00000000099999999882 0.00000000099999999882 0.32021258213830072759 0.00000000099999999882 0.00000000099999999882 0.00000000099999999882 0.00000000099999999882 0.00000000099999999882 0.00000000099999999882 0.04043542575204343154 0.00000000099999999882 0.00000000099999999882 0.00000000099999999882 0.00000000099999999882 0.59895606698292380710 
0.00000000099999999890 0.00000000099999999890 0.00000000099999999890 0.00000000099999999890 0.00000000099999999890 0.00000000099999999890 0.00000000099999999890 0.58965467895917555996 0.00000000099999999890 0.00000000099999999890 0.00000000099999999890 0.00000000099999999890 0.01268214049739690638 0.00000000099999999890 0.00000000099999999890 0.00000000099999999890 0.00000000099999999890 0.07321763292753294405 0.00000000099999999890 0.23074865502508132287 0.00000000099999999890 0.00000000099999999890 0.09369687259081363462 0.00000000099999999890 0.00000000099999999890 
0.00000000099999999652 0.00000000099999999652 0.99999997600000023468 0.00000000099999999652 0.00000000099999999652 0.00000000099999999652 0.00000000099999999652 0.00000000099999999652 0.00000000099999999652 0.00000000099999999652 0.00000000099999999652 0.00000000099999999652 0.00000000099999999652 0.00000000099999999652 0.00000000099999999652 0.00000000099999999652 0.00000000099999999652 0.00000000099999999652 0.00000000099999999652 0.00000000099999999652 0.00000000099999999652 0.00000000099999999652 0.00000000099999999652 0.00000000099999999652 0.00000000099999999652 
0.99999997600000034570 0.00000000099999999785 0.00000000099999999785 0.00000000099999999785 0.00000000099999999785 0.00000000099999999785 0.00000000099999999785 0.00000000099999999785 0.00000000099999999785 0.00000000099999999785 0.00000000099999999785 0.00000000099999999785 0.00000000099999999785 0.00000000099999999785 0.00000000099999999785 0.00000000099999999785 0.00000000099999999785 0.00000000099999999785 0.00000000099999999785 0.00000000099999999785 0.00000000099999999785 0.00000000099999999785 0.00000000099999999785 0.00000000099999999785 0.00000000099999999785 
0.00000000099999999631 0.00000000099999999631 0.00000000099999999631 0.00000000099999999631 0.00000000099999999631 0.00000000099999999631 0.00000000099999999631 0.00000000099999999631 0.00000000099999999631 0.00000000099999999631 0.00000000099999999631 0.00000000099999999631 0.00000000099999999631 0.00000000099999999631 0.99999997599999990161 0.00000000099999999631 0.00000000099999999631 0.00000000099999999631 0.00000000099999999631 0.00000000099999999631 0.00000000099999999631 0.00000000099999999631 0.00000000099999999631 0.00000000099999999631 0.00000000099999999631 
0.00000000099999999960 0.00000000099999999960 0.00000000099999999960 0.00000000099999999960 0.13325587420014337048 0.00000000099999999960 0.00000000099999999960 0.00000000099999999960 0.00000000099999999960 0.00000000099999999960 0.00000000099999999960 0.00000000099999999960 0.00000000099999999960 0.00000000099999999960 0.17880859153501282854 0.00000000099999999960 0.49889136648500909121 0.18904414677983483184 0.00000000099999999960 0.00000000099999999960 0.00000000099999999960 0.00000000099999999960 0.00000000099999999960 0.00000000099999999960 0.00000000099999999960 
0.00000000099999999686 0.00000000099999999686 0.00000000099999999686 0.00000000099999999686 0.00000000099999999686 0.00000000099999999686 0.00000000099999999686 0.00000000099999999686 0.00000000099999999686 0.00000000099999999686 0.00000000099999999686 0.00000000099999999686 0.00000000099999999686 0.00000000099999999686 0.00000000099999999686 0.99999997600000001263 0.00000000099999999686 0.00000000099999999686 0.00000000099999999686 0.00000000099999999686 0.00000000099999999686 0.00000000099999999686 0.00000000099999999686 0.00000000099999999686 0.00000000099999999686 
0.03978320168667015544 0.05048962064036786185 0.00000000099999999986 0.18136824015683061795 0.00000000099999999986 0.01365853967639208376 0.08993534974800387882 0.00000000099999999986 0.04099766961298769580 0.08228053239643716432 0.00927314075158738697 0.03748080533058639058 0.00000000099999999986 0.00000000193886397919 0.00000000099999999986 0.00000000099999999986 0.34971941575047554851 0.00000000099999999986 0.07335416253772579498 0.00000000099999999986 0.00000000099999999986 0.00914104835805456054 0.00000000099999999986 0.02251826041501713699 0.00000000099999999986 
0.00000000099999999894 0.00000000099999999894 0.52941567283044621561 0.00000000099999999894 0.00000000099999999894 0.00000000099999999894 0.00000000099999999894 0.00000000099999999894 0.00000000099999999894 0.00000000099999999894 0.00000000099999999894 0.00000000099999999894 0.00000000099999999894 0.00000000099999999894 0.00000000099999999894 0.00000000099999999894 0.00000000099999999894 0.10311099930070162511 0.00000000099999999894 0.31081749645120049230 0.00000000099999999894 0.00000000099999999894 0.05665581041765211517 0.00000000099999999894 0.00000000099999999894 
0.00000000099999999612 0.00000000099999999612 0.00000000099999999612 0.00000000099999999612 0.00000000099999999612 0.00000000099999999612 0.00000000099999999612 0.00000000099999999612 0.99999997600000012365 0.00000000099999999612 0.00000000099999999612 0.00000000099999999612 0.00000000099999999612 0.00000000099999999612 0.00000000099999999612 0.00000000099999999612 0.00000000099999999612 0.00000000099999999612 0.00000000099999999612 0.00000000099999999612 0.00000000099999999612 0.00000000099999999612 0.00000000099999999612 0.00000000099999999612 0.00000000099999999612 
0.36000348546051469389 0.00000000099999999910 0.00000000099999999910 0.00000000099999999910 0.27290243551732079608 0.00000000099999999910 0.00000000099999999910 0.00000000099999999910 0.00000000099999999910 0.00000000099999999910 0.00000000099999999910 0.00000000099999999910 0.00000000099999999910 0.00000000099999999910 0.00000000099999999910 0.00000000099999999910 0.00000000099999999910 0.00000000099999999910 0.00000000099999999910 0.07741394193643647004 0.00000000099999999910 0.00000000099999999910 0.28968011608572852289 0.00000000099999999910 0.00000000099999999910 
0.00000000099999999711 0.00000000099999999711 0.00000000099999999711 0.00000000099999999711 0.45749609273185265490 0.00000000099999999711 0.00000000099999999711 0.00000000099999999711 0.00000000099999999711 0.00000000099999999711 0.00000000099999999711 0.00000000099999999711 0.05894340278190884908 0.00000000099999999711 0.00000000099999999711 0.00000000099999999711 0.00000000099999999711 0.00727987897862258319 0.00000000099999999711 0.00000000099999999711 0.00000000099999999711 0.00000000099999999711 0.47628060450761589006 0.00000000099999999711 0.00000000099999999711 
0.00201814221079905714 0.00866277379079872720 0.00914351796441205920 0.00000000100000000000 0.21499537831853018921 0.00077332164599093901 0.00241525097116371615 0.00119427597415873725 0.00691352917386778287 0.01094124937599014191 0.00265501737033624471 0.00977583685810372652 0.00774497190935626544 0.00875271338059244522 0.00000046508161783996 0.00162375911000391658 0.05935394876971487876 0.04237490195204385995 0.01234494649701743489 0.19699907626295681817 0.00500102704596096584 0.00530300998232969417 0.37992792307329820156 0.00081094471912639392 0.01027401756182975620 
0.00137227108357993073 0.00850751082830772908 0.00952785205885410026 0.00000000099999999999 0.00299964826048688092 0.00000000099999999999 0.00035191454654023385 0.00042642208850159801 0.00570876311061093399 0.01217087605067796417 0.00481816317047243509 0.01052457846383597802 0.00000000099999999999 0.00512081141514461168 0.00000000099999999999 0.00141405038089995635 0.05763069530745724978 0.16341529523071618435 0.00932326889467539714 0.47181185899446542731 0.00211542121523351648 0.00539296703020358120 0.21101196015033474307 0.00549977937966399967 0.01085588833933752093 
0.00324954028504956379 0.01085363100798408809 0.01227609192479659460 0.00000000099999999999 0.00000000110402356199 0.00206865499325035399 0.00186247777584235821 0.00014121687228808714 0.00483126465888214854 0.01237716516870596140 0.00468233830097453639 0.01435691691790682949 0.00000001445726540085 0.00979096184854535458 0.00000000099999999999 0.00000000099999999999 0.07222879414773428208 0.11041706108088443494 0.01583250870505734792 0.66128339367236232960 0.00449038567147893967 0.00511400432247577190 0.03883498668178828050 0.00139428053318193254 0.01391430686952190889 
0.42844043548562699142 0.00000000099999999959 0.00000000099999999959 0.00000000099999999959 0.26328865788053174013 0.00000000099999999959 0.00000000099999999959 0.00000000099999999959 0.00000000099999999959 0.00000000099999999959 0.00000000099999999959 0.00000000099999999959 0.05803822154998854871 0.00000000099999999959 0.00000000099999999959 0.00000000099999999959 0.00000000099999999959 0.22584134854352491684 0.00000000099999999959 0.00728335378825721060 0.00000000099999999959 0.00000000099999999959 0.01710796375207111059 0.00000000099999999959 0.00000000099999999959 
0.00000000099999999679 0.00000000099999999679 0.00000000099999999679 0.00000000099999999679 0.45680685822126282369 0.00000000099999999679 0.00000000099999999679 0.00000000099999999679 0.00000000099999999679 0.00000000099999999679 0.00000000099999999679 0.00000000099999999679 0.00000000099999999679 0.00000000099999999679 0.00000000099999999679 0.00000000099999999679 0.00000000099999999679 0.01118925270259791237 0.00000000099999999679 0.34320160863694210152 0.00000000099999999679 0.00000000099999999679 0.18880225943919665132 0.00000000099999999679 0.00000000099999999679 
0.00000000099999999701 0.00000000099999999701 0.00000000099999999701 0.00000000099999999701 0.47338431936530056543 0.00000000099999999701 0.00000000099999999701 0.00000000099999999701 0.00000000099999999701 0.00000000099999999701 0.00000000099999999701 0.00000000099999999701 0.00000000099999999701 0.00000000099999999701 0.00000000099999999701 0.00000000099999999701 0.00000000099999999701 0.11558875448303615463 0.00000000099999999701 0.11057407806836153097 0.00000000099999999701 0.00000000099999999701 0.30045282708330139920 0.00000000099999999701 0.00000000099999999701 
0.00000000099999999706 0.00000000099999999706 0.00000000099999999706 0.00000000099999999706 0.16512795425655182879 0.00000000099999999706 0.00000000099999999706 0.00000000099999999706 0.00000000099999999706 0.00000000099999999706 0.00000000099999999706 0.00000000099999999706 0.68108469927407544464 0.00000000099999999706 0.00000000099999999706 0.00000000099999999706 0.00000000099999999706 0.00211627796271472409 0.00000000099999999706 0.15167104750665805213 0.00000000099999999706 0.00000000099999999706 0.00000000099999999706 0.00000000099999999706 0.00000000099999999706 
0.00000000099999999689 0.00000000099999999689 0.00000000099999999689 0.00000000099999999689 0.17332054650895908909 0.00000000099999999689 0.00000000099999999689 0.00000000099999999689 0.00000000099999999689 0.00000000099999999689 0.00000000099999999689 0.00000000099999999689 0.68389226884180498445 0.00000000099999999689 0.00000000099999999689 0.00000000099999999689 0.00000000099999999689 0.00797871149163967633 0.00000000099999999689 0.13480845215759623690 0.00000000099999999689 0.00000000099999999689 0.00000000099999999689 0.00000000099999999689 0.00000000099999999689 
0.00000000099999999688 0.00000000099999999688 0.00000000099999999688 0.00000000099999999688 0.17434555520686143004 0.00000000099999999688 0.00000000099999999688 0.00000000099999999688 0.00000000099999999688 0.00000000099999999688 0.00000000099999999688 0.00000000099999999688 0.68311720237459416794 0.00000000099999999688 0.00000000099999999688 0.00000000099999999688 0.00000000099999999688 0.00581552284468089299 0.00000000099999999688 0.13672169857386357039 0.00000000099999999688 0.00000000099999999688 0.00000000099999999688 0.00000000099999999688 0.00000000099999999688 
0.00000000099999999691 0.00000000099999999691 0.00000000099999999691 0.00000000099999999691 0.00000000099999999691 0.00000000099999999691 0.00000000099999999691 0.00000000099999999691 0.00000000099999999691 0.00000000099999999691 0.00000000099999999691 0.00000000099999999691 0.85019833230963537396 0.00000000099999999691 0.00000000099999999691 0.00000000099999999691 0.00000000099999999691 0.00000000099999999691 0.00000000099999999691 0.02395850024252826546 0.00000000099999999691 0.00000000099999999691 0.12584314544783636869 0.00000000099999999691 0.00000000099999999691 
0.00000000099999999690 0.00000000099999999690 0.00000000099999999690 0.00000000099999999690 0.00000000099999999690 0.00000000099999999690 0.00000000099999999690 0.00000000099999999690 0.00000000099999999690 0.00000000099999999690 0.00000000099999999690 0.00000000099999999690 0.84791309940270398471 0.00000000099999999690 0.00000000099999999690 0.00000000099999999690 0.00000000099999999690 0.00000000099999999690 0.00000000099999999690 0.02644198770468615331 0.00000000099999999690 0.00000000099999999690 0.12564489089260996724 0.00000000099999999690 0.00000000099999999690 
0.00000000099999999705 0.00000000099999999705 0.00000000099999999705 0.00000000099999999705 0.06882807546307653790 0.00000000099999999705 0.00000000099999999705 0.00000000099999999705 0.00000000099999999705 0.00000000099999999705 0.00000000099999999705 0.00000000099999999705 0.66714657893353712659 0.00000000099999999705 0.00000000099999999705 0.00000000099999999705 0.00000000099999999705 0.00000000099999999705 0.00000000099999999705 0.26402532360338631934 0.00000000099999999705 0.00000000099999999705 0.00000000099999999705 0.00000000099999999705 0.00000000099999999705 
0.00000000099999999695 0.00000000099999999695 0.00000000099999999695 0.00000000099999999695 0.00000000099999999695 0.00000000099999999695 0.00000000099999999695 0.00000000099999999695 0.00000000099999999695 0.00000000099999999695 0.00000000099999999695 0.00000000099999999695 0.00000000099999999695 0.00000000099999999695 0.00000000099999999695 0.00000000099999999695 0.00000000099999999695 0.19645205888244648973 0.00000000099999999695 0.51122824599331151418 0.00000000099999999695 0.00000000099999999695 0.29231967312424195216 0.00000000099999999695 0.00000000099999999695 
0.00000000099999999689 0.00000000099999999689 0.00000000099999999689 0.00000000099999999689 0.50875112298947366973 0.00000000099999999689 0.00000000099999999689 0.00000000099999999689 0.00000000099999999689 0.00000000099999999689 0.00000000099999999689 0.00000000099999999689 0.00000000099999999689 0.00000000099999999689 0.00000000099999999689 0.00000000099999999689 0.00000000099999999689 0.03165677904790791669 0.00000000099999999689 0.03870656143584470105 0.00000000099999999689 0.00000000099999999689 0.42088551552677400114 0.00000000099999999689 0.00000000099999999689 
0.00000000099999999680 0.00000000099999999680 0.00000000099999999680 0.00000000099999999680 0.45690789656840197219 0.00000000099999999680 0.00000000099999999680 0.00000000099999999680 0.00000000099999999680 0.00000000099999999680 0.00000000099999999680 0.00000000099999999680 0.00000000099999999680 0.00000000099999999680 0.00000000099999999680 0.00000000099999999680 0.00000000099999999680 0.00000000099999999680 0.00000000099999999680 0.00000000099999999680 0.00000000099999999680 0.00000000099999999680 0.54309208043159751256 0.00000000099999999680 0.00000000099999999680 
0.00000000099999999670 0.00000000099999999670 0.00000000099999999670 0.00000000099999999670 0.44740089445443237404 0.00000000099999999670 0.00000000099999999670 0.00000000099999999670 0.00000000099999999670 0.00000000099999999670 0.00000000099999999670 0.00000000099999999670 0.00000000099999999670 0.00000000099999999670 0.00000000099999999670 0.00000000099999999670 0.00000000099999999670 0.00000000099999999670 0.00000000099999999670 0.38421019378297649460 0.00000000099999999670 0.00000000099999999670 0.16838888976259078212 0.00000000099999999670 0.00000000099999999670 
0.00000000099999999650 0.00000000099999999650 0.00000000099999999650 0.00000000099999999650 0.00000000099999999650 0.00000000099999999650 0.00000000099999999650 0.00000000099999999650 0.00000000099999999650 0.00000000099999999650 0.00000000099999999650 0.00000000099999999650 0.00000000099999999650 0.00000000099999999650 0.00000000099999999650 0.00000000099999999650 0.00000000099999999650 0.23285658266017358886 0.00000000099999999650 0.47388470963587653317 0.00000000099999999650 0.00000000099999999650 0.29325868570394991730 0.00000000099999999650 0.00000000099999999650 
0.00000000099999999670 0.00000000099999999670 0.00000000099999999670 0.00000000099999999670 0.25597627752358131925 0.00000000099999999670 0.00000000099999999670 0.00000000099999999670 0.00000000099999999670 0.00000000099999999670 0.00000000099999999670 0.00000000099999999670 0.00000000099999999670 0.00000000099999999670 0.00000000099999999670 0.00000000099999999670 0.00000000099999999670 0.00000000099999999670 0.00000000099999999670 0.44542450225106661188 0.00000000099999999670 0.00000000099999999670 0.29859919822535163636 0.00000000099999999670 0.00000000099999999670 
0.00000000099999999662 0.00000000099999999662 0.00000000099999999662 0.00000000099999999662 0.40782890506970759237 0.00000000099999999662 0.00000000099999999662 0.00000000099999999662 0.00000000099999999662 0.00000000099999999662 0.00000000099999999662 0.00000000099999999662 0.00000000099999999662 0.00000000099999999662 0.00000000099999999662 0.00000000099999999662 0.00000000099999999662 0.00000000099999999662 0.00000000099999999662 0.00000000099999999662 0.00000000099999999662 0.00000000099999999662 0.59217107193029183687 0.00000000099999999662 0.00000000099999999662 
0.00000000099999999676 0.00000000099999999676 0.00000000099999999676 0.00000000099999999676 0.41715116200884067021 0.00000000099999999676 0.00000000099999999676 0.00000000099999999676 0.00000000099999999676 0.00000000099999999676 0.00000000099999999676 0.00000000099999999676 0.00000000099999999676 0.00000000099999999676 0.00000000099999999676 0.00000000099999999676 0.00000000099999999676 0.00000000099999999676 0.00000000099999999676 0.21388956091524871650 0.00000000099999999676 0.00000000099999999676 0.36895925507591031955 0.00000000099999999676 0.00000000099999999676 
0.00000000099999999682 0.00000000099999999682 0.00000000099999999682 0.00000000099999999682 0.47443051342157427364 0.00000000099999999682 0.00000000099999999682 0.00000000099999999682 0.00000000099999999682 0.00000000099999999682 0.00000000099999999682 0.00000000099999999682 0.00000000099999999682 0.00000000099999999682 0.00000000099999999682 0.00000000099999999682 0.00000000099999999682 0.10269455366702479049 0.00000000099999999682 0.08682949697976539982 0.00000000099999999682 0.00000000099999999682 0.33604541493163520016 0.00000000099999999682 0.00000000099999999682 
0.00000000099999999659 0.00000000099999999659 0.00000000099999999659 0.00000000099999999659 0.45493312238012145743 0.00000000099999999659 0.00000000099999999659 0.00000000099999999659 0.00000000099999999659 0.00000000099999999659 0.00000000099999999659 0.00000000099999999659 0.00000000099999999659 0.00000000099999999659 0.00000000099999999659 0.00000000099999999659 0.00000000099999999659 0.00000000099999999659 0.00000000099999999659 0.00000000099999999659 0.00000000099999999659 0.00000000099999999659 0.54506685461987802732 0.00000000099999999659 0.00000000099999999659 
0.00000000099999999661 0.00000000099999999661 0.00000000099999999661 0.00000000099999999661 0.45832249082796416850 0.00000000099999999661 0.00000000099999999661 0.00000000099999999661 0.00000000099999999661 0.00000000099999999661 0.00000000099999999661 0.00000000099999999661 0.00000000099999999661 0.00000000099999999661 0.00000000099999999661 0.00000000099999999661 0.00000000099999999661 0.00041808755189392925 0.00000000099999999661 0.00000000099999999661 0.00000000099999999661 0.00000000099999999661 0.54125939962014157913 0.00000000099999999661 0.00000000099999999661 
0.00000000099999999684 0.00000000099999999684 0.00000000099999999684 0.00000000099999999684 0.45276120061564595343 0.00000000099999999684 0.00000000099999999684 0.00000000099999999684 0.00000000099999999684 0.00000000099999999684 0.00000000099999999684 0.00000000099999999684 0.00000000099999999684 0.00000000099999999684 0.00000000099999999684 0.00000000099999999684 0.00000000099999999684 0.03489919173235705302 0.00000000099999999684 0.06195230870401539219 0.00000000099999999684 0.00000000099999999684 0.45038727794798111281 0.00000000099999999684 0.00000000099999999684 
0.00000000099999999653 0.00000000099999999653 0.00000000099999999653 0.00000000099999999653 0.00000000099999999653 0.00000000099999999653 0.00000000099999999653 0.00000000099999999653 0.00000000099999999653 0.00000000099999999653 0.00000000099999999653 0.00000000099999999653 0.00000000099999999653 0.00000000099999999653 0.00000000099999999653 0.00000000099999999653 0.00000000099999999653 0.24124393224068935160 0.00000000099999999653 0.70895850980653751794 0.00000000099999999653 0.00000000099999999653 0.04979753595277316286 0.00000000099999999653 0.00000000099999999653 
0.00000000099999999689 0.00000000099999999689 0.00000000099999999689 0.00000000099999999689 0.00000000099999999689 0.00000000099999999689 0.00000000099999999689 0.00000000099999999689 0.00000000099999999689 0.00000000099999999689 0.00000000099999999689 0.00000000099999999689 0.81320859363616448956 0.00000000099999999689 0.00000000099999999689 0.00000000099999999689 0.00000000099999999689 0.00000000099999999689 0.00000000099999999689 0.01299585498586905592 0.00000000099999999689 0.00000000099999999689 0.17379552937796657885 0.00000000099999999689 0.00000000099999999689 
0.00000000099999999701 0.00000000099999999701 0.00000000099999999701 0.00000000099999999701 0.00000000099999999701 0.00000000099999999701 0.00000000099999999701 0.00000000099999999701 0.00000000099999999701 0.00000000099999999701 0.00000000099999999701 0.00000000099999999701 0.00000000099999999701 0.00000000099999999701 0.00000000099999999701 0.00000000099999999701 0.00000000099999999701 0.12795519188054194082 0.00000000099999999701 0.47248248015111526943 0.00000000099999999701 0.00000000099999999701 0.39956230596834280133 0.00000000099999999701 0.00000000099999999701 
0.00000000099999999683 0.00000000099999999683 0.00000000099999999683 0.00000000099999999683 0.48831565258318743172 0.00000000099999999683 0.00000000099999999683 0.00000000099999999683 0.00000000099999999683 0.00000000099999999683 0.00000000099999999683 0.00000000099999999683 0.00000000099999999683 0.00000000099999999683 0.00000000099999999683 0.00000000099999999683 0.00000000099999999683 0.03582755186690407545 0.00000000099999999683 0.09140232186215993537 0.00000000099999999683 0.00000000099999999683 0.38445445268774819381 0.00000000099999999683 0.00000000099999999683 
0.00000000099999999690 0.00000000099999999690 0.00000000099999999690 0.00000000099999999690 0.00000000099999999690 0.00000000099999999690 0.00000000099999999690 0.00000000099999999690 0.00000000099999999690 0.00000000099999999690 0.00000000099999999690 0.00000000099999999690 0.82547862438949881625 0.00000000099999999690 0.00000000099999999690 0.00000000099999999690 0.00000000099999999690 0.00000000099999999690 0.00000000099999999690 0.10154745458350997178 0.00000000099999999690 0.00000000099999999690 0.07297389902699129294 0.00000000099999999690 0.00000000099999999690 
0.00000000099999999679 0.00000000099999999679 0.00000000099999999679 0.00000000099999999679 0.29533808774735303970 0.00000000099999999679 0.00000000099999999679 0.00000000099999999679 0.00000000099999999679 0.00000000099999999679 0.00000000099999999679 0.00000000099999999679 0.00000000099999999679 0.00000000099999999679 0.00000000099999999679 0.00000000099999999679 0.00000000099999999679 0.09174492601486357313 0.00000000099999999679 0.24579489126832765322 0.00000000099999999679 0.00000000099999999679 0.36712207396945528703 0.00000000099999999679 0.00000000099999999679 
0.00000000099999999656 0.00000000099999999656 0.00000000099999999656 0.00000000099999999656 0.00000000099999999656 0.00000000099999999656 0.00000000099999999656 0.00000000099999999656 0.00000000099999999656 0.00000000099999999656 0.00000000099999999656 0.00000000099999999656 0.00000000099999999656 0.00000000099999999656 0.00000000099999999656 0.00000000099999999656 0.00000000099999999656 0.26251914288422950605 0.00000000099999999656 0.57254749170240315514 0.00000000099999999656 0.00000000099999999656 0.16493334341336735038 0.00000000099999999656 0.00000000099999999656 
0.00000000099999999668 0.00000000099999999668 0.00000000099999999668 0.00000000099999999668 0.00000000099999999668 0.00000000099999999668 0.00000000099999999668 0.00000000099999999668 0.00000000099999999668 0.00000000099999999668 0.00000000099999999668 0.00000000099999999668 0.00000000099999999668 0.00000000099999999668 0.00000000099999999668 0.00000000099999999668 0.00000000099999999668 0.58180670130425782283 0.00000000099999999668 0.41819327569574205050 0.00000000099999999668 0.00000000099999999668 0.00000000099999999668 0.00000000099999999668 0.00000000099999999668 
0.00000000099999999677 0.00000000099999999677 0.00000000099999999677 0.00000000099999999677 0.45893593269316862449 0.00000000099999999677 0.00000000099999999677 0.00000000099999999677 0.00000000099999999677 0.00000000099999999677 0.00000000099999999677 0.00000000099999999677 0.00000000099999999677 0.00000000099999999677 0.00000000099999999677 0.00000000099999999677 0.00000000099999999677 0.00000000099999999677 0.00000000099999999677 0.34307028225257540921 0.00000000099999999677 0.00000000099999999677 0.19799376305425556155 0.00000000099999999677 0.00000000099999999677 
0.00000000099999999663 0.00000000099999999663 0.00000000099999999663 0.00000000099999999663 0.33906581651408296274 0.00000000099999999663 0.00000000099999999663 0.00000000099999999663 0.00000000099999999663 0.00000000099999999663 0.00000000099999999663 0.00000000099999999663 0.00000000099999999663 0.00000000099999999663 0.00000000099999999663 0.00000000099999999663 0.00000000099999999663 0.02900893175409232153 0.00000000099999999663 0.05731017561372097474 0.00000000099999999663 0.00000000099999999663 0.57461505511810329061 0.00000000099999999663 0.00000000099999999663 
0.00000000099999999622 0.00000000099999999622 0.00000000099999999622 0.00000000099999999622 0.53918753279651254751 0.00000000099999999622 0.00000000099999999622 0.00000000099999999622 0.00000000099999999622 0.00000000099999999622 0.00000000099999999622 0.00000000099999999622 0.00000000099999999622 0.00000000099999999622 0.00000000099999999622 0.00000000099999999622 0.00000000099999999622 0.46081244420348776991 0.00000000099999999622 0.00000000099999999622 0.00000000099999999622 0.00000000099999999622 0.00000000099999999622 0.00000000099999999622 0.00000000099999999622 
0.00000000099999999685 0.00000000099999999685 0.00000000099999999685 0.00000000099999999685 0.47052774579217238049 0.00000000099999999685 0.00000000099999999685 0.00000000099999999685 0.00000000099999999685 0.00000000099999999685 0.00000000099999999685 0.00000000099999999685 0.00000000099999999685 0.00000000099999999685 0.00000000099999999685 0.00000000099999999685 0.00000000099999999685 0.10135696585421113958 0.00000000099999999685 0.00000000099999999685 0.00000000099999999685 0.00000000099999999685 0.42811526635361618620 0.00000000099999999685 0.00000000099999999685 
0.00000000099999999714 0.00000000099999999714 0.00000000099999999714 0.00000000099999999714 0.08984749510592206223 0.00000000099999999714 0.00000000099999999714 0.00000000099999999714 0.00000000099999999714 0.00000000099999999714 0.00000000099999999714 0.00000000099999999714 0.00000000099999999714 0.00000000099999999714 0.00000000099999999714 0.00000000099999999714 0.00000000099999999714 0.19220879759643119677 0.00000000099999999714 0.35220623404724749062 0.00000000099999999714 0.00000000099999999714 0.36573745225039916429 0.00000000099999999714 0.00000000099999999714 
0.00000000099999999649 0.00000000099999999649 0.00000000099999999649 0.00000000099999999649 0.00000000099999999649 0.00000000099999999649 0.00000000099999999649 0.00000000099999999649 0.00000000099999999649 0.00000000099999999649 0.00000000099999999649 0.00000000099999999649 0.00000000099999999649 0.00000000099999999649 0.00000000099999999649 0.00000000099999999649 0.00000000099999999649 0.16329951475438100883 0.00000000099999999649 0.58068916156278627128 0.00000000099999999649 0.00000000099999999649 0.25601130168283270372 0.00000000099999999649 0.00000000099999999649 
0.00000000099999999686 0.00000000099999999686 0.00000000099999999686 0.00000000099999999686 0.34230603952344607066 0.00000000099999999686 0.00000000099999999686 0.00000000099999999686 0.00000000099999999686 0.00000000099999999686 0.00000000099999999686 0.00000000099999999686 0.00000000099999999686 0.00000000099999999686 0.00000000099999999686 0.00000000099999999686 0.00000000099999999686 0.00000000099999999686 0.00000000099999999686 0.28754087033974246035 0.00000000099999999686 0.00000000099999999686 0.37015306813681103648 0.00000000099999999686 0.00000000099999999686 
0.00000000099999999675 0.00000000099999999675 0.00000000099999999675 0.00000000099999999675 0.46579071286908008132 0.00000000099999999675 0.00000000099999999675 0.00000000099999999675 0.00000000099999999675 0.00000000099999999675 0.00000000099999999675 0.00000000099999999675 0.00000000099999999675 0.00000000099999999675 0.00000000099999999675 0.00000000099999999675 0.00000000099999999675 0.03325036719677106761 0.00000000099999999675 0.06103102292769269771 0.00000000099999999675 0.00000000099999999675 0.43992787600645572033 0.00000000099999999675 0.00000000099999999675 
0.00000000099999999664 0.00000000099999999664 0.00000000099999999664 0.00000000099999999664 0.37157375310767765120 0.00000000099999999664 0.00000000099999999664 0.00000000099999999664 0.00000000099999999664 0.00000000099999999664 0.00000000099999999664 0.00000000099999999664 0.00000000099999999664 0.00000000099999999664 0.00000000099999999664 0.00000000099999999664 0.00000000099999999664 0.00000000099999999664 0.00000000099999999664 0.09884587506190871398 0.00000000099999999664 0.00000000099999999664 0.52958034983041313293 0.00000000099999999664 0.00000000099999999664 
0.00000000099999999691 0.00000000099999999691 0.00000000099999999691 0.00000000099999999691 0.00000000099999999691 0.00000000099999999691 0.00000000099999999691 0.00000000099999999691 0.00000000099999999691 0.00000000099999999691 0.00000000099999999691 0.00000000099999999691 0.70744164476185433799 0.00000000099999999691 0.00000000099999999691 0.00000000099999999691 0.00000000099999999691 0.00940177622531230758 0.00000000099999999691 0.22300494936605100293 0.00000000099999999691 0.00000000099999999691 0.06015160864678254643 0.00000000099999999691 0.00000000099999999691 
0.00000000099999999706 0.00000000099999999706 0.00000000099999999706 0.00000000099999999706 0.00000000099999999706 0.00000000099999999706 0.00000000099999999706 0.00000000099999999706 0.00000000099999999706 0.00000000099999999706 0.00000000099999999706 0.00000000099999999706 0.86937433642747263818 0.00000000099999999706 0.00000000099999999706 0.00000000099999999706 0.00000000099999999706 0.13062564057252748495 0.00000000099999999706 0.00000000099999999706 0.00000000099999999706 0.00000000099999999706 0.00000000099999999706 0.00000000099999999706 0.00000000099999999706 
0.00000000099999999656 0.00000000099999999656 0.00000000099999999656 0.00000000099999999656 0.48590243080077188953 0.00000000099999999656 0.00000000099999999656 0.00000000099999999656 0.00000000099999999656 0.00000000099999999656 0.00000000099999999656 0.00000000099999999656 0.00000000099999999656 0.00000000099999999656 0.00000000099999999656 0.00000000099999999656 0.00000000099999999656 0.51409754619922776175 0.00000000099999999656 0.00000000099999999656 0.00000000099999999656 0.00000000099999999656 0.00000000099999999656 0.00000000099999999656 0.00000000099999999656 
0.00000000099999999721 0.00000000099999999721 0.00000000099999999721 0.00000000099999999721 0.09142157514869098112 0.00000000099999999721 0.00000000099999999721 0.00000000099999999721 0.00000000099999999721 0.00000000099999999721 0.00000000099999999721 0.00000000099999999721 0.72454083480577846643 0.00000000099999999721 0.00000000099999999721 0.00000000099999999721 0.00000000099999999721 0.10567564017006952914 0.00000000099999999721 0.02492308318232545547 0.00000000099999999721 0.00000000099999999721 0.05343884669313565816 0.00000000099999999721 0.00000000099999999721 
0.00000000099999999635 0.00000000099999999635 0.00000000099999999635 0.00000000099999999635 0.46026194589742064345 0.00000000099999999635 0.00000000099999999635 0.00000000099999999635 0.00000000099999999635 0.00000000099999999635 0.00000000099999999635 0.00000000099999999635 0.00000000099999999635 0.00000000099999999635 0.00000000099999999635 0.00000000099999999635 0.00000000099999999635 0.53973803110257900784 0.00000000099999999635 0.00000000099999999635 0.00000000099999999635 0.00000000099999999635 0.00000000099999999635 0.00000000099999999635 0.00000000099999999635 
0.00000000099999999634 0.00000000099999999634 0.00000000099999999634 0.00000000099999999634 0.46798831988524064451 0.00000000099999999634 0.00000000099999999634 0.00000000099999999634 0.00000000099999999634 0.00000000099999999634 0.00000000099999999634 0.00000000099999999634 0.00000000099999999634 0.00000000099999999634 0.00000000099999999634 0.00000000099999999634 0.00000000099999999634 0.53201165711475884024 0.00000000099999999634 0.00000000099999999634 0.00000000099999999634 0.00000000099999999634 0.00000000099999999634 0.00000000099999999634 0.00000000099999999634 
0.00000000099999999656 0.00000000099999999656 0.00000000099999999656 0.00000000099999999656 0.49687881549175066942 0.00000000099999999656 0.00000000099999999656 0.00000000099999999656 0.00000000099999999656 0.00000000099999999656 0.00000000099999999656 0.00000000099999999656 0.00000000099999999656 0.00000000099999999656 0.00000000099999999656 0.00000000099999999656 0.00000000099999999656 0.50312116150824892635 0.00000000099999999656 0.00000000099999999656 0.00000000099999999656 0.00000000099999999656 0.00000000099999999656 0.00000000099999999656 0.00000000099999999656 
0.00000000099999999625 0.00000000099999999625 0.00000000099999999625 0.00000000099999999625 0.54347498604252131305 0.00000000099999999625 0.00000000099999999625 0.00000000099999999625 0.00000000099999999625 0.00000000099999999625 0.00000000099999999625 0.00000000099999999625 0.00000000099999999625 0.00000000099999999625 0.00000000099999999625 0.00000000099999999625 0.00000000099999999625 0.45652499095747889335 0.00000000099999999625 0.00000000099999999625 0.00000000099999999625 0.00000000099999999625 0.00000000099999999625 0.00000000099999999625 0.00000000099999999625 
0.00000000099999999637 0.00000000099999999637 0.00000000099999999637 0.00000000099999999637 0.46285186476133133304 0.00000000099999999637 0.00000000099999999637 0.00000000099999999637 0.00000000099999999637 0.00000000099999999637 0.00000000099999999637 0.00000000099999999637 0.00000000099999999637 0.00000000099999999637 0.00000000099999999637 0.00000000099999999637 0.00000000099999999637 0.53714811223866831824 0.00000000099999999637 0.00000000099999999637 0.00000000099999999637 0.00000000099999999637 0.00000000099999999637 0.00000000099999999637 0.00000000099999999637 
0.00000000099999999627 0.00000000099999999627 0.00000000099999999627 0.00000000099999999627 0.54135930142610122484 0.00000000099999999627 0.00000000099999999627 0.00000000099999999627 0.00000000099999999627 0.00000000099999999627 0.00000000099999999627 0.00000000099999999627 0.00000000099999999627 0.00000000099999999627 0.00000000099999999627 0.00000000099999999627 0.00000000099999999627 0.45864067557389903707 0.00000000099999999627 0.00000000099999999627 0.00000000099999999627 0.00000000099999999627 0.00000000099999999627 0.00000000099999999627 0.00000000099999999627 
0.00000000099999999644 0.00000000099999999644 0.00000000099999999644 0.00000000099999999644 0.46388079814137933576 0.00000000099999999644 0.00000000099999999644 0.00000000099999999644 0.00000000099999999644 0.00000000099999999644 0.00000000099999999644 0.00000000099999999644 0.00000000099999999644 0.00000000099999999644 0.00000000099999999644 0.00000000099999999644 0.00000000099999999644 0.53611917885862014899 0.00000000099999999644 0.00000000099999999644 0.00000000099999999644 0.00000000099999999644 0.00000000099999999644 0.00000000099999999644 0.00000000099999999644 
0.00000000099999999636 0.00000000099999999636 0.00000000099999999636 0.00000000099999999636 0.45999231982075428071 0.00000000099999999636 0.00000000099999999636 0.00000000099999999636 0.00000000099999999636 0.00000000099999999636 0.00000000099999999636 0.00000000099999999636 0.00000000099999999636 0.00000000099999999636 0.00000000099999999636 0.00000000099999999636 0.00000000099999999636 0.54000765717924525955 0.00000000099999999636 0.00000000099999999636 0.00000000099999999636 0.00000000099999999636 0.00000000099999999636 0.00000000099999999636 0.00000000099999999636 
0.00000000099999999677 0.00000000099999999677 0.00000000099999999677 0.00000000099999999677 0.46321455363814262318 0.00000000099999999677 0.00000000099999999677 0.00000000099999999677 0.00000000099999999677 0.00000000099999999677 0.00000000099999999677 0.00000000099999999677 0.00000000099999999677 0.00000000099999999677 0.00000000099999999677 0.00000000099999999677 0.00000000099999999677 0.53678542336185697259 0.00000000099999999677 0.00000000099999999677 0.00000000099999999677 0.00000000099999999677 0.00000000099999999677 0.00000000099999999677 0.00000000099999999677 
0.00000000099999999652 0.00000000099999999652 0.00000000099999999652 0.00000000099999999652 0.49294594288709953078 0.00000000099999999652 0.00000000099999999652 0.00000000099999999652 0.00000000099999999652 0.00000000099999999652 0.00000000099999999652 0.00000000099999999652 0.00000000099999999652 0.00000000099999999652 0.00000000099999999652 0.00000000099999999652 0.00000000099999999652 0.50705403411290017601 0.00000000099999999652 0.00000000099999999652 0.00000000099999999652 0.00000000099999999652 0.00000000099999999652 0.00000000099999999652 0.00000000099999999652 
0.00000000099999999635 0.00000000099999999635 0.00000000099999999635 0.00000000099999999635 0.46580798185200278372 0.00000000099999999635 0.00000000099999999635 0.00000000099999999635 0.00000000099999999635 0.00000000099999999635 0.00000000099999999635 0.00000000099999999635 0.00000000099999999635 0.00000000099999999635 0.00000000099999999635 0.00000000099999999635 0.00000000099999999635 0.53419199514799675654 0.00000000099999999635 0.00000000099999999635 0.00000000099999999635 0.00000000099999999635 0.00000000099999999635 0.00000000099999999635 0.00000000099999999635 
0.00000000099999999637 0.00000000099999999637 0.00000000099999999637 0.00000000099999999637 0.46420350884308703154 0.00000000099999999637 0.00000000099999999637 0.00000000099999999637 0.00000000099999999637 0.00000000099999999637 0.00000000099999999637 0.00000000099999999637 0.00000000099999999637 0.00000000099999999637 0.00000000099999999637 0.00000000099999999637 0.00000000099999999637 0.53579646815691250872 0.00000000099999999637 0.00000000099999999637 0.00000000099999999637 0.00000000099999999637 0.00000000099999999637 0.00000000099999999637 0.00000000099999999637 
