0.00000000099999999928 0.00000000099999999928 0.07388787374438116062 0.00000000099999999928 0.21820421262951833485 0.00000000099999999928 0.00000000099999999928 0.00000000099999999928 0.60080606819796755769 0.00000000099999999928 0.00000000099999999928 0.00000000099999999928 0.10710183342813288376 0.00000000099999999928 0.00000000099999999928 0.00000000099999999928 
0.60812793512662066675 0.00000000099999999965 0.35354579788923479189 0.00000000099999999965 0.01172750729951307393 0.00000000099999999965 0.00000000099999999965 0.00000000099999999965 0.00000000099999999965 0.00000000099999999965 0.00000000099999999965 0.00000000099999999965 0.02659874768463166284 0.00000000099999999965 0.00000000099999999965 0.00000000099999999965 
0.00000000099999999782 0.00000000099999999782 0.00000000099999999782 0.00000000099999999782 0.00000000099999999782 0.99999998500000009116 0.00000000099999999782 0.00000000099999999782 0.00000000099999999782 0.00000000099999999782 0.00000000099999999782 0.00000000099999999782 0.00000000099999999782 0.00000000099999999782 0.00000000099999999782 0.00000000099999999782 
0.00000000099999999872 0.99999998500000031321 0.00000000099999999872 0.00000000099999999872 0.00000000099999999872 0.00000000099999999872 0.00000000099999999872 0.00000000099999999872 0.00000000099999999872 0.00000000099999999872 0.00000000099999999872 0.00000000099999999872 0.00000000099999999872 0.00000000099999999872 0.00000000099999999872 0.00000000099999999872 
0.00000000099999999764 0.00000000099999999764 0.00000000099999999764 0.99999998499999998014 0.00000000099999999764 0.00000000099999999764 0.00000000099999999764 0.00000000099999999764 0.00000000099999999764 0.00000000099999999764 0.00000000099999999764 0.00000000099999999764 0.00000000099999999764 0.00000000099999999764 0.00000000099999999764 0.00000000099999999764 
0.11481468609522321733 0.09640308133174041449 0.00000000099999999999 0.18114916094572469651 0.00649781508531820789 0.03229070259188512870 0.03340605159346343028 0.00176324386501385140 0.02275592750868095371 0.00757069482352492901 0.00000000099999999999 0.08349042489965201319 0.30943096537444397809 0.03105545891610098433 0.01175372045669545625 0.06761806451253256356 
0.12401459981360377083 0.16479703810013404675 0.00000000099999999995 0.05738163625335909040 0.20118652087859392741 0.00000000099999999995 0.02473082847180210764 0.00227883558468928603 0.00000000099999999995 0.05356876227487100683 0.00931414254250708187 0.21892510513084903478 0.00000000099999999995 0.04124268664337010087 0.03854183257652685213 0.06401800772969382103 
0.09144201156656667218 0.10264539668047255316 0.00000000099999999999 0.04936789783984089214 0.00000000099999999999 0.01705783418299744100 0.18669793093772429904 0.02100127975209985232 0.00000000099999999999 0.06148867546940670753 0.05995506259780454539 0.15360537312079730610 0.00000000099999999999 0.01414722029958322483 0.11899874986072586647 0.12359256369198050318 
0.00000000099999999932 0.00000000099999999932 0.47051326217868827406 0.00000000099999999932 0.00000000099999999932 0.52948672382131201086 0.00000000099999999932 0.00000000099999999932 0.00000000099999999932 0.00000000099999999932 0.00000000099999999932 0.00000000099999999932 0.00000000099999999932 0.00000000099999999932 0.00000000099999999932 0.00000000099999999932 
0.00000000099999999757 0.00000000099999999757 0.00000000099999999757 0.00000000099999999757 0.00000000099999999757 0.00000000099999999757 0.00000000099999999757 0.00000000099999999757 0.00000000099999999757 0.99999998499999998014 0.00000000099999999757 0.00000000099999999757 0.00000000099999999757 0.00000000099999999757 0.00000000099999999757 0.00000000099999999757 
0.00000000099999999944 0.36549211183224900035 0.32375186374500619646 0.00000000099999999944 0.14500179525395712199 0.00000000099999999944 0.00000000099999999944 0.00000000099999999944 0.00000000099999999944 0.00000000099999999944 0.00000000099999999944 0.00000000099999999944 0.16575421716878793732 0.00000000099999999944 0.00000000099999999944 0.00000000099999999944 
0.00000000099999999803 0.00000000099999999803 0.39610029018906373066 0.00000000099999999803 0.25009751339671326686 0.00000000099999999803 0.00000000099999999803 0.00000000099999999803 0.00000000099999999803 0.00000000099999999803 0.00000000099999999803 0.00000000099999999803 0.35380218341422314809 0.00000000099999999803 0.00000000099999999803 0.00000000099999999803 
0.01874538979546658962 0.01052158039815460043 0.58772051752387144408 0.01007858078109302898 0.13342990519698741392 0.01328138626739190815 0.01048958021666313543 0.00283225514860961603 0.01150203452243177445 0.00980345427951553189 0.01156715215312167748 0.02361807549481304003 0.12140835483194127586 0.00973351562315671014 0.00547611908065363719 0.01979209868612851961 
0.01959956056953208320 0.01044849033045327537 0.82995282961417526923 0.00625071382707370875 0.00000063693321316381 0.01347115206358593179 0.00785069386243912939 0.00722904801446068619 0.01256870786094250320 0.01004131200643794929 0.01139364221803843870 0.02486335775065500950 0.01673955253412295549 0.00693816442233838489 0.00355552661989481282 0.01909661137263670913 
0.02390846206648590197 0.01293932492559860328 0.78899045388854160965 0.01148341312262140916 0.00000000100000000000 0.01731152923317704276 0.01275633104248504422 0.00398949282373428291 0.01593619469481767983 0.01101551913954097739 0.01508717137482401202 0.02841219033017804846 0.01994146524037584967 0.01036573831243326957 0.00455779787494013482 0.02330491493024626146 
0.00000000099999999973 0.44169644916237743582 0.05581623102412843623 0.00000000099999999973 0.03135361255407752290 0.00000000099999999973 0.00000000099999999973 0.00000000099999999973 0.00000000099999999973 0.00000000099999999973 0.00000000099999999973 0.00000000099999999973 0.47113369525941672933 0.00000000099999999973 0.00000000099999999973 0.00000000099999999973 
0.00000000099999999792 0.00000000099999999792 0.43100784222771892917 0.00000000099999999792 0.10510319283062462270 0.00000000099999999792 0.00000000099999999792 0.00000000099999999792 0.00000000099999999792 0.00000000099999999792 0.00000000099999999792 0.00000000099999999792 0.46388895194165641334 0.00000000099999999792 0.00000000099999999792 0.00000000099999999792 
0.00000000099999999808 0.00000000099999999808 0.38261573216593375291 0.00000000099999999808 0.12089959225347579608 0.00000000099999999808 0.00000000099999999808 0.00000000099999999808 0.00000000099999999808 0.00000000099999999808 0.00000000099999999808 0.00000000099999999808 0.49648466258059059664 0.00000000099999999808 0.00000000099999999808 0.00000000099999999808 
0.00000000099999999816 0.00000000099999999816 0.17914787411589741528 0.00000000099999999816 0.49757187442805778099 0.00000000099999999816 0.00000000099999999816 0.00000000099999999816 0.00000000099999999816 0.00000000099999999816 0.00000000099999999816 0.00000000099999999816 0.32328023845604497710 0.00000000099999999816 0.00000000099999999816 0.00000000099999999816 
0.00000000099999999804 0.00000000099999999804 0.16202543453528295281 0.00000000099999999804 0.49914725695831024810 0.00000000099999999804 0.00000000099999999804 0.00000000099999999804 0.00000000099999999804 0.00000000099999999804 0.00000000099999999804 0.00000000099999999804 0.33882729550640700023 0.00000000099999999804 0.00000000099999999804 0.00000000099999999804 
0.00000000099999999804 0.00000000099999999804 0.16312623957276742304 0.00000000099999999804 0.49846036001897170431 0.00000000099999999804 0.00000000099999999804 0.00000000099999999804 0.00000000099999999804 0.00000000099999999804 0.00000000099999999804 0.00000000099999999804 0.33841338740826093501 0.00000000099999999804 0.00000000099999999804 0.00000000099999999804 
0.00000000099999999809 0.00000000099999999809 0.28314876311874470627 0.00000000099999999809 0.60750266960824195195 0.00000000099999999809 0.00000000099999999809 0.00000000099999999809 0.00000000099999999809 0.00000000099999999809 0.00000000099999999809 0.00000000099999999809 0.10934855427301351516 0.00000000099999999809 0.00000000099999999809 0.00000000099999999809 
0.00000000099999999809 0.00000000099999999809 0.28897394092203182447 0.00000000099999999809 0.60723016304420140976 0.00000000099999999809 0.00000000099999999809 0.00000000099999999809 0.00000000099999999809 0.00000000099999999809 0.00000000099999999809 0.00000000099999999809 0.10379588303376677261 0.00000000099999999809 0.00000000099999999809 0.00000000099999999809 
0.00000000099999999818 0.00000000099999999818 0.31609346996226711513 0.00000000099999999818 0.50756889973448426900 0.00000000099999999818 0.00000000099999999818 0.00000000099999999818 0.00000000099999999818 0.00000000099999999818 0.00000000099999999818 0.00000000099999999818 0.17633761730324862271 0.00000000099999999818 0.00000000099999999818 0.00000000099999999818 
0.00000000099999999817 0.00000000099999999817 0.94061428565745597297 0.00000000099999999817 0.02462206394555300007 0.00000000099999999817 0.00000000099999999817 0.00000000099999999817 0.00000000099999999817 0.00000000099999999817 0.00000000099999999817 0.00000000099999999817 0.03476363739699116912 0.00000000099999999817 0.00000000099999999817 0.00000000099999999817 
0.00000000099999999805 0.00000000099999999805 0.42390031833223018598 0.00000000099999999805 0.12602026990091411141 0.00000000099999999805 0.00000000099999999805 0.00000000099999999805 0.00000000099999999805 0.00000000099999999805 0.00000000099999999805 0.00000000099999999805 0.45007939876685576497 0.00000000099999999805 0.00000000099999999805 0.00000000099999999805 
0.00000000099999999798 0.00000000099999999798 0.50457474325150752925 0.00000000099999999798 0.18846941108769388329 0.00000000099999999798 0.00000000099999999798 0.00000000099999999798 0.00000000099999999798 0.00000000099999999798 0.00000000099999999798 0.00000000099999999798 0.30695583266079867757 0.00000000099999999798 0.00000000099999999798 0.00000000099999999798 
0.00000000099999999791 0.00000000099999999791 0.44342139530917668022 0.00000000099999999791 0.23709778666626041277 0.00000000099999999791 0.00000000099999999791 0.00000000099999999791 0.00000000099999999791 0.00000000099999999791 0.00000000099999999791 0.00000000099999999791 0.31948080502456294161 0.00000000099999999791 0.00000000099999999791 0.00000000099999999791 
0.00000000099999999772 0.00000000099999999772 0.99999998499999998014 0.00000000099999999772 0.00000000099999999772 0.00000000099999999772 0.00000000099999999772 0.00000000099999999772 0.00000000099999999772 0.00000000099999999772 0.00000000099999999772 0.00000000099999999772 0.00000000099999999772 0.00000000099999999772 0.00000000099999999772 0.00000000099999999772 
0.00000000099999999792 0.00000000099999999792 0.74255518879145898659 0.00000000099999999792 0.03188340888545094370 0.00000000099999999792 0.00000000099999999792 0.00000000099999999792 0.00000000099999999792 0.00000000099999999792 0.00000000099999999792 0.00000000099999999792 0.22556138932309013900 0.00000000099999999792 0.00000000099999999792 0.00000000099999999792 
0.00000000099999999785 0.00000000099999999785 0.54111751684064124390 0.00000000099999999785 0.27980015946567765583 0.00000000099999999785 0.00000000099999999785 0.00000000099999999785 0.00000000099999999785 0.00000000099999999785 0.00000000099999999785 0.00000000099999999785 0.17908231069368107935 0.00000000099999999785 0.00000000099999999785 0.00000000099999999785 
0.00000000099999999792 0.00000000099999999792 0.52520589808644246865 0.00000000099999999792 0.23600856040180329121 0.00000000099999999792 0.00000000099999999792 0.00000000099999999792 0.00000000099999999792 0.00000000099999999792 0.00000000099999999792 0.00000000099999999792 0.23878552851175424698 0.00000000099999999792 0.00000000099999999792 0.00000000099999999792 
0.00000000099999999803 0.00000000099999999803 0.46242236939314090849 0.00000000099999999803 0.03062885790705442354 0.00000000099999999803 0.00000000099999999803 0.00000000099999999803 0.00000000099999999803 0.00000000099999999803 0.00000000099999999803 0.00000000099999999803 0.50694875969980435215 0.00000000099999999803 0.00000000099999999803 0.00000000099999999803 
0.00000000099999999786 0.00000000099999999786 0.47996981088985701813 0.00000000099999999786 0.18858963359299610318 0.00000000099999999786 0.00000000099999999786 0.00000000099999999786 0.00000000099999999786 0.00000000099999999786 0.00000000099999999786 0.00000000099999999786 0.33144054251714677450 0.00000000099999999786 0.00000000099999999786 0.00000000099999999786 
0.00000000099999999785 0.00000000099999999785 0.46275550493631489868 0.00000000099999999785 0.19970429514634055468 0.00000000099999999785 0.00000000099999999785 0.00000000099999999785 0.00000000099999999785 0.00000000099999999785 0.00000000099999999785 0.00000000099999999785 0.33754018691734449797 0.00000000099999999785 0.00000000099999999785 0.00000000099999999785 
0.00000000099999999794 0.00000000099999999794 0.45008360021929544326 0.00000000099999999794 0.20706088868020336435 0.00000000099999999794 0.00000000099999999794 0.00000000099999999794 0.00000000099999999794 0.00000000099999999794 0.00000000099999999794 0.00000000099999999794 0.34285549810050119923 0.00000000099999999794 0.00000000099999999794 0.00000000099999999794 
0.00000000099999999774 0.00000000099999999774 0.99999998499999998014 0.00000000099999999774 0.00000000099999999774 0.00000000099999999774 0.00000000099999999774 0.00000000099999999774 0.00000000099999999774 0.00000000099999999774 0.00000000099999999774 0.00000000099999999774 0.00000000099999999774 0.00000000099999999774 0.00000000099999999774 0.00000000099999999774 
0.00000000099999999809 0.00000000099999999809 0.34503963242225055286 0.00000000099999999809 0.62741794231673875260 0.00000000099999999809 0.00000000099999999809 0.00000000099999999809 0.00000000099999999809 0.00000000099999999809 0.00000000099999999809 0.00000000099999999809 0.02754241226101081935 0.00000000099999999809 0.00000000099999999809 0.00000000099999999809 
0.00000000099999999815 0.00000000099999999815 0.96730453400641913664 0.00000000099999999815 0.03269545199358089155 0.00000000099999999815 0.00000000099999999815 0.00000000099999999815 0.00000000099999999815 0.00000000099999999815 0.00000000099999999815 0.00000000099999999815 0.00000000099999999815 0.00000000099999999815 0.00000000099999999815 0.00000000099999999815 
0.00000000099999999792 0.00000000099999999792 0.38384392425673535820 0.00000000099999999792 0.20724871839365260895 0.00000000099999999792 0.00000000099999999792 0.00000000099999999792 0.00000000099999999792 0.00000000099999999792 0.00000000099999999792 0.00000000099999999792 0.40890734434961206745 0.00000000099999999792 0.00000000099999999792 0.00000000099999999792 
0.00000000099999999810 0.00000000099999999810 0.31629791715261762475 0.00000000099999999810 0.63919257134126683528 0.00000000099999999810 0.00000000099999999810 0.00000000099999999810 0.00000000099999999810 0.00000000099999999810 0.00000000099999999810 0.00000000099999999810 0.04450949850611570641 0.00000000099999999810 0.00000000099999999810 0.00000000099999999810 
0.00000000099999999796 0.00000000099999999796 0.65401197278724854112 0.00000000099999999796 0.06612384730798696875 0.00000000099999999796 0.00000000099999999796 0.00000000099999999796 0.00000000099999999796 0.00000000099999999796 0.00000000099999999796 0.00000000099999999796 0.27986416690476439983 0.00000000099999999796 0.00000000099999999796 0.00000000099999999796 
0.00000000099999999777 0.00000000099999999777 0.99999998500000009116 0.00000000099999999777 0.00000000099999999777 0.00000000099999999777 0.00000000099999999777 0.00000000099999999777 0.00000000099999999777 0.00000000099999999777 0.00000000099999999777 0.00000000099999999777 0.00000000099999999777 0.00000000099999999777 0.00000000099999999777 0.00000000099999999777 
0.00000000099999999800 0.00000000099999999800 0.52312424270192892095 0.00000000099999999800 0.00000000099999999800 0.00000000099999999800 0.00000000099999999800 0.00000000099999999800 0.00000000099999999800 0.00000000099999999800 0.00000000099999999800 0.00000000099999999800 0.47687574329807108642 0.00000000099999999800 0.00000000099999999800 0.00000000099999999800 
0.00000000099999999793 0.00000000099999999793 0.42608740068987410732 0.00000000099999999793 0.11451212307981932514 0.00000000099999999793 0.00000000099999999793 0.00000000099999999793 0.00000000099999999793 0.00000000099999999793 0.00000000099999999793 0.00000000099999999793 0.45940046323030653275 0.00000000099999999793 0.00000000099999999793 0.00000000099999999793 
0.00000000099999999791 0.00000000099999999791 0.68453556713719143634 0.00000000099999999791 0.09430397843804283475 0.00000000099999999791 0.00000000099999999791 0.00000000099999999791 0.00000000099999999791 0.00000000099999999791 0.00000000099999999791 0.00000000099999999791 0.22116044142476573575 0.00000000099999999791 0.00000000099999999791 0.00000000099999999791 
0.00000000099999999753 0.00000000099999999753 0.00000000099999999753 0.00000000099999999753 0.00000000099999999753 0.00000000099999999753 0.00000000099999999753 0.00000000099999999753 0.00000000099999999753 0.00000000099999999753 0.00000000099999999753 0.00000000099999999753 0.99999998499999986912 0.00000000099999999753 0.00000000099999999753 0.00000000099999999753 
0.00000000099999999795 0.00000000099999999795 0.36848102276672545230 0.00000000099999999795 0.19222885040162301928 0.00000000099999999795 0.00000000099999999795 0.00000000099999999795 0.00000000099999999795 0.00000000099999999795 0.00000000099999999795 0.00000000099999999795 0.43929011383165161853 0.00000000099999999795 0.00000000099999999795 0.00000000099999999795 
0.00000000099999999816 0.00000000099999999816 0.88156614654676546117 0.00000000099999999816 0.02331870860125961203 0.00000000099999999816 0.00000000099999999816 0.00000000099999999816 0.00000000099999999816 0.00000000099999999816 0.00000000099999999816 0.00000000099999999816 0.09511513185197513487 0.00000000099999999816 0.00000000099999999816 0.00000000099999999816 
0.00000000099999999772 0.00000000099999999772 0.99999998500000009116 0.00000000099999999772 0.00000000099999999772 0.00000000099999999772 0.00000000099999999772 0.00000000099999999772 0.00000000099999999772 0.00000000099999999772 0.00000000099999999772 0.00000000099999999772 0.00000000099999999772 0.00000000099999999772 0.00000000099999999772 0.00000000099999999772 
0.00000000099999999803 0.00000000099999999803 0.66489549334377451295 0.00000000099999999803 0.07133105423254484934 0.00000000099999999803 0.00000000099999999803 0.00000000099999999803 0.00000000099999999803 0.00000000099999999803 0.00000000099999999803 0.00000000099999999803 0.26377343942368081109 0.00000000099999999803 0.00000000099999999803 0.00000000099999999803 
0.00000000099999999792 0.00000000099999999792 0.45526490549139869701 0.00000000099999999792 0.16799762650419680643 0.00000000099999999792 0.00000000099999999792 0.00000000099999999792 0.00000000099999999792 0.00000000099999999792 0.00000000099999999792 0.00000000099999999792 0.37673745500440453116 0.00000000099999999792 0.00000000099999999792 0.00000000099999999792 
0.00000000099999999788 0.00000000099999999788 0.61579612515036519227 0.00000000099999999788 0.29751202579764363110 0.00000000099999999788 0.00000000099999999788 0.00000000099999999788 0.00000000099999999788 0.00000000099999999788 0.00000000099999999788 0.00000000099999999788 0.08669183605199110021 0.00000000099999999788 0.00000000099999999788 0.00000000099999999788 
0.00000000099999999813 0.00000000099999999813 0.46112605269269002495 0.00000000099999999813 0.50982284702978675206 0.00000000099999999813 0.00000000099999999813 0.00000000099999999813 0.00000000099999999813 0.00000000099999999813 0.00000000099999999813 0.00000000099999999813 0.02905108727752333045 0.00000000099999999813 0.00000000099999999813 0.00000000099999999813 
0.00000000099999999830 0.00000000099999999830 0.18269100753439376783 0.00000000099999999830 0.59794237193526766916 0.00000000099999999830 0.00000000099999999830 0.00000000099999999830 0.00000000099999999830 0.00000000099999999830 0.00000000099999999830 0.00000000099999999830 0.21936660753033879190 0.00000000099999999830 0.00000000099999999830 0.00000000099999999830 
0.00000000099999999775 0.00000000099999999775 0.00000000099999999775 0.00000000099999999775 0.00000000099999999775 0.00000000099999999775 0.00000000099999999775 0.00000000099999999775 0.00000000099999999775 0.00000000099999999775 0.00000000099999999775 0.00000000099999999775 0.99999998499999975810 0.00000000099999999775 0.00000000099999999775 0.00000000099999999775 
0.00000000099999999830 0.00000000099999999830 0.20235991610567913290 0.00000000099999999830 0.51196939207817182549 0.00000000099999999830 0.00000000099999999830 0.00000000099999999830 0.00000000099999999830 0.00000000099999999830 0.00000000099999999830 0.00000000099999999830 0.28567067881614927050 0.00000000099999999830 0.00000000099999999830 0.00000000099999999830 
0.00000000099999999764 0.00000000099999999764 0.00000000099999999764 0.00000000099999999764 0.00000000099999999764 0.00000000099999999764 0.00000000099999999764 0.00000000099999999764 0.00000000099999999764 0.00000000099999999764 0.00000000099999999764 0.00000000099999999764 0.99999998499999975810 0.00000000099999999764 0.00000000099999999764 0.00000000099999999764 
0.00000000099999999762 0.00000000099999999762 0.00000000099999999762 0.00000000099999999762 0.00000000099999999762 0.00000000099999999762 0.00000000099999999762 0.00000000099999999762 0.00000000099999999762 0.00000000099999999762 0.00000000099999999762 0.00000000099999999762 0.99999998499999986912 0.00000000099999999762 0.00000000099999999762 0.00000000099999999762 
0.00000000099999999775 0.00000000099999999775 0.00000000099999999775 0.00000000099999999775 0.00000000099999999775 0.00000000099999999775 0.00000000099999999775 0.00000000099999999775 0.00000000099999999775 0.00000000099999999775 0.00000000099999999775 0.00000000099999999775 0.99999998499999975810 0.00000000099999999775 0.00000000099999999775 0.00000000099999999775 
0.00000000099999999756 0.00000000099999999756 0.00000000099999999756 0.00000000099999999756 0.00000000099999999756 0.00000000099999999756 0.00000000099999999756 0.00000000099999999756 0.00000000099999999756 0.00000000099999999756 0.00000000099999999756 0.00000000099999999756 0.99999998499999986912 0.00000000099999999756 0.00000000099999999756 0.00000000099999999756 
0.00000000099999999765 0.00000000099999999765 0.00000000099999999765 0.00000000099999999765 0.00000000099999999765 0.00000000099999999765 0.00000000099999999765 0.00000000099999999765 0.00000000099999999765 0.00000000099999999765 0.00000000099999999765 0.00000000099999999765 0.99999998499999986912 0.00000000099999999765 0.00000000099999999765 0.00000000099999999765 
0.00000000099999999757 0.00000000099999999757 0.00000000099999999757 0.00000000099999999757 0.00000000099999999757 0.00000000099999999757 0.00000000099999999757 0.00000000099999999757 0.00000000099999999757 0.00000000099999999757 0.00000000099999999757 0.00000000099999999757 0.99999998499999986912 0.00000000099999999757 0.00000000099999999757 0.00000000099999999757 
0.00000000099999999771 0.00000000099999999771 0.00000000099999999771 0.00000000099999999771 0.00000000099999999771 0.00000000099999999771 0.00000000099999999771 0.00000000099999999771 0.00000000099999999771 0.00000000099999999771 0.00000000099999999771 0.00000000099999999771 0.99999998499999975810 0.00000000099999999771 0.00000000099999999771 0.00000000099999999771 
0.00000000099999999765 0.00000000099999999765 0.00000000099999999765 0.00000000099999999765 0.00000000099999999765 0.00000000099999999765 0.00000000099999999765 0.00000000099999999765 0.00000000099999999765 0.00000000099999999765 0.00000000099999999765 0.00000000099999999765 0.99999998499999986912 0.00000000099999999765 0.00000000099999999765 0.00000000099999999765 
0.00000000099999999796 0.00000000099999999796 0.00000000099999999796 0.00000000099999999796 0.00000000099999999796 0.00000000099999999796 0.00000000099999999796 0.00000000099999999796 0.00000000099999999796 0.00000000099999999796 0.00000000099999999796 0.00000000099999999796 0.99999998499999986912 0.00000000099999999796 0.00000000099999999796 0.00000000099999999796 
0.00000000099999999773 0.00000000099999999773 0.00000000099999999773 0.00000000099999999773 0.00000000099999999773 0.00000000099999999773 0.00000000099999999773 0.00000000099999999773 0.00000000099999999773 0.00000000099999999773 0.00000000099999999773 0.00000000099999999773 0.99999998499999975810 0.00000000099999999773 0.00000000099999999773 0.00000000099999999773 
0.00000000099999999764 0.00000000099999999764 0.00000000099999999764 0.00000000099999999764 0.00000000099999999764 0.00000000099999999764 0.00000000099999999764 0.00000000099999999764 0.00000000099999999764 0.00000000099999999764 0.00000000099999999764 0.00000000099999999764 0.99999998499999975810 0.00000000099999999764 0.00000000099999999764 0.00000000099999999764 
0.00000000099999999766 0.00000000099999999766 0.00000000099999999766 0.00000000099999999766 0.00000000099999999766 0.00000000099999999766 0.00000000099999999766 0.00000000099999999766 0.00000000099999999766 0.00000000099999999766 0.00000000099999999766 0.00000000099999999766 0.99999998499999986912 0.00000000099999999766 0.00000000099999999766 0.00000000099999999766 
0.00000000099999999772 0.00000000099999999772 0.00000000099999999772 0.00000000099999999772 0.00000000099999999772 0.00000000099999999772 0.00000000099999999772 0.00000000099999999772 0.00000000099999999772 0.00000000099999999772 0.00000000099999999772 0.00000000099999999772 0.99999998499999975810 0.00000000099999999772 0.00000000099999999772 0.00000000099999999772 
0.00000000099999999780 0.00000000099999999780 0.00000000099999999780 0.00000000099999999780 0.00000000099999999780 0.00000000099999999780 0.00000000099999999780 0.00000000099999999780 0.00000000099999999780 0.00000000099999999780 0.00000000099999999780 0.00000000099999999780 0.99999998499999975810 0.00000000099999999780 0.00000000099999999780 0.00000000099999999780 
0.00000000099999999767 0.00000000099999999767 0.00000000099999999767 0.00000000099999999767 0.00000000099999999767 0.00000000099999999767 0.00000000099999999767 0.00000000099999999767 0.00000000099999999767 0.00000000099999999767 0.00000000099999999767 0.00000000099999999767 0.99999998499999975810 0.00000000099999999767 0.00000000099999999767 0.00000000099999999767 
0.00000000099999999755 0.00000000099999999755 0.00000000099999999755 0.00000000099999999755 0.00000000099999999755 0.00000000099999999755 0.00000000099999999755 0.00000000099999999755 0.00000000099999999755 0.00000000099999999755 0.00000000099999999755 0.00000000099999999755 0.99999998499999975810 0.00000000099999999755 0.00000000099999999755 0.00000000099999999755 
0.00000000099999999757 0.00000000099999999757 0.00000000099999999757 0.00000000099999999757 0.00000000099999999757 0.00000000099999999757 0.00000000099999999757 0.00000000099999999757 0.00000000099999999757 0.00000000099999999757 0.00000000099999999757 0.00000000099999999757 0.99999998499999975810 0.00000000099999999757 0.00000000099999999757 0.00000000099999999757 
0.00000000099999999760 0.00000000099999999760 0.00000000099999999760 0.00000000099999999760 0.00000000099999999760 0.00000000099999999760 0.00000000099999999760 0.00000000099999999760 0.00000000099999999760 0.00000000099999999760 0.00000000099999999760 0.00000000099999999760 0.99999998499999975810 0.00000000099999999760 0.00000000099999999760 0.00000000099999999760 
0.00000000099999999764 0.00000000099999999764 0.00000000099999999764 0.00000000099999999764 0.00000000099999999764 0.00000000099999999764 0.00000000099999999764 0.00000000099999999764 0.00000000099999999764 0.00000000099999999764 0.00000000099999999764 0.00000000099999999764 0.99999998499999975810 0.00000000099999999764 0.00000000099999999764 0.00000000099999999764 
0.00000000099999999780 0.00000000099999999780 0.00000000099999999780 0.00000000099999999780 0.00000000099999999780 0.00000000099999999780 0.00000000099999999780 0.00000000099999999780 0.00000000099999999780 0.00000000099999999780 0.00000000099999999780 0.00000000099999999780 0.99999998499999975810 0.00000000099999999780 0.00000000099999999780 0.00000000099999999780 
0.00000000099999999837 0.00000000099999999837 0.02720354106103127154 0.00000000099999999837 0.53783708599768598191 0.00000000099999999837 0.00000000099999999837 0.00000000099999999837 0.00000000099999999837 0.00000000099999999837 0.00000000099999999837 0.00000000099999999837 0.43495935994128298585 0.00000000099999999837 0.00000000099999999837 0.00000000099999999837 
0.00000000099999999764 0.00000000099999999764 0.00000000099999999764 0.00000000099999999764 0.00000000099999999764 0.00000000099999999764 0.00000000099999999764 0.00000000099999999764 0.00000000099999999764 0.00000000099999999764 0.00000000099999999764 0.00000000099999999764 0.99999998499999975810 0.00000000099999999764 0.00000000099999999764 0.00000000099999999764 
0.00000000099999999835 0.00000000099999999835 0.37755738477045830415 0.00000000099999999835 0.41610431174647011243 0.00000000099999999835 0.00000000099999999835 0.00000000099999999835 0.00000000099999999835 0.00000000099999999835 0.00000000099999999835 0.00000000099999999835 0.20633829048307170129 0.00000000099999999835 0.00000000099999999835 0.00000000099999999835 
0.00000000099999999756 0.00000000099999999756 0.00000000099999999756 0.00000000099999999756 0.00000000099999999756 0.00000000099999999756 0.00000000099999999756 0.00000000099999999756 0.00000000099999999756 0.00000000099999999756 0.00000000099999999756 0.00000000099999999756 0.99999998499999986912 0.00000000099999999756 0.00000000099999999756 0.00000000099999999756 
0.00000000099999999765 0.00000000099999999765 0.00000000099999999765 0.00000000099999999765 0.00000000099999999765 0.00000000099999999765 0.00000000099999999765 0.00000000099999999765 0.00000000099999999765 0.00000000099999999765 0.00000000099999999765 0.00000000099999999765 0.99999998499999975810 0.00000000099999999765 0.00000000099999999765 0.00000000099999999765 
0.00000000099999999763 0.00000000099999999763 0.00000000099999999763 0.00000000099999999763 0.00000000099999999763 0.00000000099999999763 0.00000000099999999763 0.00000000099999999763 0.00000000099999999763 0.00000000099999999763 0.00000000099999999763 0.00000000099999999763 0.99999998499999986912 0.00000000099999999763 0.00000000099999999763 0.00000000099999999763 
0.00000000099999999898 0.00000000099999999898 0.00000000099999999898 0.00000000099999999898 0.00000000099999999898 0.00000000099999999898 0.00000000099999999898 0.00000000099999999898 0.00000000099999999898 0.00000000099999999898 0.00000000099999999898 0.00000000099999999898 0.99999998499999986912 0.00000000099999999898 0.00000000099999999898 0.00000000099999999898 
0.00000000099999999783 0.00000000099999999783 0.48142805647930392299 0.00000000099999999783 0.00000000099999999783 0.00000000099999999783 0.00000000099999999783 0.00000000099999999783 0.00000000099999999783 0.00000000099999999783 0.00000000099999999783 0.00000000099999999783 0.51857192952069564029 0.00000000099999999783 0.00000000099999999783 0.00000000099999999783 
0.00000000099999999817 0.00000000099999999817 0.23597744185077804135 0.00000000099999999817 0.50953594953125413980 0.00000000099999999817 0.00000000099999999817 0.00000000099999999817 0.00000000099999999817 0.00000000099999999817 0.00000000099999999817 0.00000000099999999817 0.25448659561796810324 0.00000000099999999817 0.00000000099999999817 0.00000000099999999817 
0.00000000099999999814 0.00000000099999999814 0.21480799180094969913 0.00000000099999999814 0.53042260599418122879 0.00000000099999999814 0.00000000099999999814 0.00000000099999999814 0.00000000099999999814 0.00000000099999999814 0.00000000099999999814 0.00000000099999999814 0.25476938920486924545 0.00000000099999999814 0.00000000099999999814 0.00000000099999999814 
0.00000000099999999820 0.00000000099999999820 0.20241974583991720338 0.00000000099999999820 0.51591440647830166810 0.00000000099999999820 0.00000000099999999820 0.00000000099999999820 0.00000000099999999820 0.00000000099999999820 0.00000000099999999820 0.00000000099999999820 0.28166583468178135741 0.00000000099999999820 0.00000000099999999820 0.00000000099999999820 
0.00000000099999999818 0.00000000099999999818 0.24080578716726530608 0.00000000099999999818 0.50363147331670687912 0.00000000099999999818 0.00000000099999999818 0.00000000099999999818 0.00000000099999999818 0.00000000099999999818 0.00000000099999999818 0.00000000099999999818 0.25556272651602790491 0.00000000099999999818 0.00000000099999999818 0.00000000099999999818 
0.00000000099999999821 0.00000000099999999821 0.20337125759735055763 0.00000000099999999821 0.51680351311981387319 0.00000000099999999821 0.00000000099999999821 0.00000000099999999821 0.00000000099999999821 0.00000000099999999821 0.00000000099999999821 0.00000000099999999821 0.27982521628283579807 0.00000000099999999821 0.00000000099999999821 0.00000000099999999821 
0.00000000099999999767 0.00000000099999999767 0.00000000099999999767 0.00000000099999999767 0.00000000099999999767 0.00000000099999999767 0.00000000099999999767 0.00000000099999999767 0.00000000099999999767 0.00000000099999999767 0.00000000099999999767 0.00000000099999999767 0.99999998499999986912 0.00000000099999999767 0.00000000099999999767 0.00000000099999999767 
0.00000000099999999779 0.00000000099999999779 0.00000000099999999779 0.00000000099999999779 0.00000000099999999779 0.00000000099999999779 0.00000000099999999779 0.00000000099999999779 0.00000000099999999779 0.00000000099999999779 0.00000000099999999779 0.00000000099999999779 0.99999998499999975810 0.00000000099999999779 0.00000000099999999779 0.00000000099999999779 
0.00000000099999999785 0.00000000099999999785 0.00000000099999999785 0.00000000099999999785 0.00000000099999999785 0.00000000099999999785 0.00000000099999999785 0.00000000099999999785 0.00000000099999999785 0.00000000099999999785 0.00000000099999999785 0.00000000099999999785 0.99999998499999986912 0.00000000099999999785 0.00000000099999999785 0.00000000099999999785 
0.00000000099999999777 0.00000000099999999777 0.00000000099999999777 0.00000000099999999777 0.00000000099999999777 0.00000000099999999777 0.00000000099999999777 0.00000000099999999777 0.00000000099999999777 0.00000000099999999777 0.00000000099999999777 0.00000000099999999777 0.99999998499999986912 0.00000000099999999777 0.00000000099999999777 0.00000000099999999777 
0.00000000099999999771 0.00000000099999999771 0.00000000099999999771 0.00000000099999999771 0.00000000099999999771 0.00000000099999999771 0.00000000099999999771 0.00000000099999999771 0.00000000099999999771 0.00000000099999999771 0.00000000099999999771 0.00000000099999999771 0.99999998499999975810 0.00000000099999999771 0.00000000099999999771 0.00000000099999999771 
0.00000000099999999765 0.00000000099999999765 0.00000000099999999765 0.00000000099999999765 0.00000000099999999765 0.00000000099999999765 0.00000000099999999765 0.00000000099999999765 0.00000000099999999765 0.00000000099999999765 0.00000000099999999765 0.00000000099999999765 0.99999998499999975810 0.00000000099999999765 0.00000000099999999765 0.00000000099999999765 
0.00000000099999999765 0.00000000099999999765 0.00000000099999999765 0.00000000099999999765 0.00000000099999999765 0.00000000099999999765 0.00000000099999999765 0.00000000099999999765 0.00000000099999999765 0.00000000099999999765 0.00000000099999999765 0.00000000099999999765 0.99999998499999986912 0.00000000099999999765 0.00000000099999999765 0.00000000099999999765 
0.00000000099999999763 0.00000000099999999763 0.00000000099999999763 0.00000000099999999763 0.00000000099999999763 0.00000000099999999763 0.00000000099999999763 0.00000000099999999763 0.00000000099999999763 0.00000000099999999763 0.00000000099999999763 0.00000000099999999763 0.99999998499999975810 0.00000000099999999763 0.00000000099999999763 0.00000000099999999763 
0.00000000099999999766 0.00000000099999999766 0.00000000099999999766 0.00000000099999999766 0.00000000099999999766 0.00000000099999999766 0.00000000099999999766 0.00000000099999999766 0.00000000099999999766 0.00000000099999999766 0.00000000099999999766 0.00000000099999999766 0.99999998499999975810 0.00000000099999999766 0.00000000099999999766 0.00000000099999999766 
0.00000000099999999805 0.00000000099999999805 0.39552332208985224726 0.00000000099999999805 0.24417032404902100362 0.00000000099999999805 0.00000000099999999805 0.00000000099999999805 0.00000000099999999805 0.00000000099999999805 0.00000000099999999805 0.00000000099999999805 0.36030634086112689474 0.00000000099999999805 0.00000000099999999805 0.00000000099999999805 
0.00000000099999999756 0.00000000099999999756 0.00000000099999999756 0.00000000099999999756 0.00000000099999999756 0.00000000099999999756 0.00000000099999999756 0.00000000099999999756 0.00000000099999999756 0.00000000099999999756 0.00000000099999999756 0.00000000099999999756 0.99999998499999986912 0.00000000099999999756 0.00000000099999999756 0.00000000099999999756 
0.00000000099999999830 0.00000000099999999830 0.89039396405271931112 0.00000000099999999830 0.00176818778976203252 0.00000000099999999830 0.00000000099999999830 0.00000000099999999830 0.00000000099999999830 0.00000000099999999830 0.00000000099999999830 0.00000000099999999830 0.10783783515751886595 0.00000000099999999830 0.00000000099999999830 0.00000000099999999830 
0.00000000099999999758 0.00000000099999999758 0.00000000099999999758 0.00000000099999999758 0.00000000099999999758 0.00000000099999999758 0.00000000099999999758 0.00000000099999999758 0.00000000099999999758 0.00000000099999999758 0.00000000099999999758 0.00000000099999999758 0.99999998499999975810 0.00000000099999999758 0.00000000099999999758 0.00000000099999999758 
0.00000000099999999810 0.00000000099999999810 0.42619834847684057166 0.00000000099999999810 0.24664142630002616752 0.00000000099999999810 0.00000000099999999810 0.00000000099999999810 0.00000000099999999810 0.00000000099999999810 0.00000000099999999810 0.00000000099999999810 0.32716021222313351746 0.00000000099999999810 0.00000000099999999810 0.00000000099999999810 
0.00000000099999999760 0.00000000099999999760 0.00000000099999999760 0.00000000099999999760 0.00000000099999999760 0.00000000099999999760 0.00000000099999999760 0.00000000099999999760 0.00000000099999999760 0.00000000099999999760 0.00000000099999999760 0.00000000099999999760 0.99999998499999975810 0.00000000099999999760 0.00000000099999999760 0.00000000099999999760 
0.00000000099999999799 0.00000000099999999799 0.44924068261803706825 0.00000000099999999799 0.01231290033928363579 0.00000000099999999799 0.00000000099999999799 0.00000000099999999799 0.00000000099999999799 0.00000000099999999799 0.00000000099999999799 0.00000000099999999799 0.53844640404267896105 0.00000000099999999799 0.00000000099999999799 0.00000000099999999799 
0.00000000099999999802 0.00000000099999999802 0.44917596927393360628 0.00000000099999999802 0.01444863686492584877 0.00000000099999999802 0.00000000099999999802 0.00000000099999999802 0.00000000099999999802 0.00000000099999999802 0.00000000099999999802 0.00000000099999999802 0.53637538086114033842 0.00000000099999999802 0.00000000099999999802 0.00000000099999999802 
0.00000000099999999794 0.00000000099999999794 0.99999998499999998014 0.00000000099999999794 0.00000000099999999794 0.00000000099999999794 0.00000000099999999794 0.00000000099999999794 0.00000000099999999794 0.00000000099999999794 0.00000000099999999794 0.00000000099999999794 0.00000000099999999794 0.00000000099999999794 0.00000000099999999794 0.00000000099999999794 
