0.60444643811897502683 0.09261301162009302756 0.00000000099999999938 0.00000000099999999938 0.00000000099999999938 0.00000000099999999938 0.00000000099999999938 0.00000000099999999938 0.00000000099999999938 0.00000000099999999938 0.00000000099999999938 0.00000000099999999938 0.00000000099999999938 0.00000000099999999938 0.30294053826093220172 
0.00000000099999999932 0.37046240817278930368 0.00000000099999999932 0.00000000099999999932 0.00000000099999999932 0.00000000099999999932 0.00000000099999999932 0.00000000099999999932 0.00000000099999999932 0.00000000099999999932 0.58759280206936448376 0.00000000099999999932 0.00000000099999999932 0.00000000099999999932 0.04194477775784610091 
0.00000000099999999797 0.00000000099999999797 0.00000000099999999797 0.99999998600000006288 0.00000000099999999797 0.00000000099999999797 0.00000000099999999797 0.00000000099999999797 0.00000000099999999797 0.00000000099999999797 0.00000000099999999797 0.00000000099999999797 0.00000000099999999797 0.00000000099999999797 0.00000000099999999797 
0.00000000099999999884 0.00000000099999999884 0.00000000099999999884 0.00000000099999999884 0.00000000099999999884 0.00000000099999999884 0.00000000099999999884 0.00000000099999999884 0.00000000099999999884 0.00000000099999999884 0.00000000099999999884 0.99999998599999984084 0.00000000099999999884 0.00000000099999999884 0.00000000099999999884 
0.00000000099999999781 0.00000000099999999781 0.00000000099999999781 0.00000000099999999781 0.00000000099999999781 0.99999998600000006288 0.00000000099999999781 0.00000000099999999781 0.00000000099999999781 0.00000000099999999781 0.00000000099999999781 0.00000000099999999781 0.00000000099999999781 0.00000000099999999781 0.00000000099999999781 
0.02156817295659764142 0.00000000099999999999 0.03052787015693691694 0.03222469381945625849 0.01185421195215093614 0.18192728772898983380 0.03223887124280436223 0.04542044680223203401 0.08910299219443258700 0.00633801175228015934 0.05643071612313887292 0.09571010226382541120 0.00000000099999999999 0.07775411550169573915 0.31890250550545923280 
0.00000000099999999998 0.03928819288850144559 0.04880066539913304607 0.00000000099999999998 0.03573487829267462529 0.05691718808830999177 0.02475826607877311403 0.07338367759399161416 0.21909160473285477222 0.06613036978239768271 0.03104337780013827208 0.18403606842882022643 0.01046086573060845543 0.08724557428171890450 0.12310926890207796180 
0.00000000099999999998 0.00000000099999999998 0.01463724151483046867 0.01821739019509808002 0.11748712428110633099 0.04964480370020399325 0.20096090233707353256 0.05271657859163040444 0.16090238195026887458 0.06164782227726341851 0.02707237596227684423 0.10470553918015353123 0.05845191139667395286 0.13355592561342066737 0.00000000099999999998 
0.00000000099999999935 0.47051947498753904364 0.00000000099999999935 0.52948051201246115749 0.00000000099999999935 0.00000000099999999935 0.00000000099999999935 0.00000000099999999935 0.00000000099999999935 0.00000000099999999935 0.00000000099999999935 0.00000000099999999935 0.00000000099999999935 0.00000000099999999935 0.00000000099999999935 
0.00000000099999999774 0.00000000099999999774 0.00000000099999999774 0.00000000099999999774 0.00000000099999999774 0.00000000099999999774 0.00000000099999999774 0.00000000099999999774 0.00000000099999999774 0.99999998599999984084 0.00000000099999999774 0.00000000099999999774 0.00000000099999999774 0.00000000099999999774 0.00000000099999999774 
0.00000000099999999946 0.34304331359435663584 0.00000000099999999946 0.00000000099999999946 0.00000000099999999946 0.00000000099999999946 0.00000000099999999946 0.00000000099999999946 0.00000000099999999946 0.00000000099999999946 0.00000000099999999946 0.36970968110327928624 0.00000000099999999946 0.00000000099999999946 0.28724699330236391770 
0.00000000099999999811 0.45603574892112574979 0.00000000099999999811 0.00000000099999999811 0.00000000099999999811 0.00000000099999999811 0.00000000099999999811 0.00000000099999999811 0.00000000099999999811 0.00000000099999999811 0.00000000099999999811 0.00000000099999999811 0.00000000099999999811 0.00000000099999999811 0.54396423807887406277 
0.01150953196632610066 0.59706058104414461152 0.01015488435113361294 0.01324275689329399916 0.00523705191198058778 0.01011671164118155275 0.01145014251727818726 0.00913179943157043685 0.02428493094295161928 0.01037413116576657406 0.00747177866549744284 0.01103463570345010469 0.01216809087108931299 0.02346439094670480299 0.24329858194763112622 
0.01259324877466099467 0.82533320326485526408 0.00698217646942224206 0.01331468189628083783 0.00333240793281420209 0.00639578294855200000 0.01125777932084362498 0.01109747877819285307 0.02576007611739250525 0.01030167262922308466 0.00638639764673835323 0.01052897874212147152 0.01112385060877465505 0.02410110351073683349 0.02149116135939101863 
0.01592268286756297682 0.78613230483987417418 0.01030501757724431276 0.01718027758453228790 0.00426420272889401451 0.01166983749819785685 0.01428093673833526721 0.01248822326997638989 0.02970643326759528358 0.01128348179999738923 0.00886327462268091115 0.01296935552892319182 0.01514559252051255779 0.02728120175405081629 0.02250717740162256134 
0.00000000099999999971 0.07267063989594328699 0.00000000099999999971 0.00000000099999999971 0.00000000099999999971 0.00000000099999999971 0.00000000099999999971 0.00000000099999999971 0.00000000099999999971 0.00000000099999999971 0.00000000099999999971 0.43720825176266819856 0.00000000099999999971 0.00000000099999999971 0.49012109634138856240 
0.00000000099999999791 0.44697982960710780365 0.00000000099999999791 0.00000000099999999791 0.00000000099999999791 0.00000000099999999791 0.00000000099999999791 0.00000000099999999791 0.00000000099999999791 0.00000000099999999791 0.00000000099999999791 0.00000000099999999791 0.00000000099999999791 0.00000000099999999791 0.55302015739289189789 
0.00000000099999999807 0.41189119267615725839 0.00000000099999999807 0.00000000099999999807 0.00000000099999999807 0.00000000099999999807 0.00000000099999999807 0.00000000099999999807 0.00000000099999999807 0.00000000099999999807 0.00000000099999999807 0.00000000099999999807 0.00000000099999999807 0.00000000099999999807 0.58810879432384244314 
0.00000000099999999846 0.24415641128659223980 0.00000000099999999846 0.00000000099999999846 0.00000000099999999846 0.00000000099999999846 0.00000000099999999846 0.00000000099999999846 0.00000000099999999846 0.00000000099999999846 0.00000000099999999846 0.00000000099999999846 0.00000000099999999846 0.00000000099999999846 0.75584357571340776705 
0.00000000099999999833 0.22789695102315241093 0.00000000099999999833 0.00000000099999999833 0.00000000099999999833 0.00000000099999999833 0.00000000099999999833 0.00000000099999999833 0.00000000099999999833 0.00000000099999999833 0.00000000099999999833 0.00000000099999999833 0.00000000099999999833 0.00000000099999999833 0.77210303597684759591 
0.00000000099999999832 0.22873548741866128742 0.00000000099999999832 0.00000000099999999832 0.00000000099999999832 0.00000000099999999832 0.00000000099999999832 0.00000000099999999832 0.00000000099999999832 0.00000000099999999832 0.00000000099999999832 0.00000000099999999832 0.00000000099999999832 0.00000000099999999832 0.77126449958133880269 
0.00000000099999999860 0.32241330145800028983 0.00000000099999999860 0.00000000099999999860 0.00000000099999999860 0.00000000099999999860 0.00000000099999999860 0.00000000099999999860 0.00000000099999999860 0.00000000099999999860 0.00000000099999999860 0.00000000099999999860 0.00000000099999999860 0.00000000099999999860 0.67758668554199952272 
0.00000000099999999861 0.32502983804237850496 0.00000000099999999861 0.00000000099999999861 0.00000000099999999861 0.00000000099999999861 0.00000000099999999861 0.00000000099999999861 0.00000000099999999861 0.00000000099999999861 0.00000000099999999861 0.00000000099999999861 0.00000000099999999861 0.00000000099999999861 0.67497014895762108555 
0.00000000099999999863 0.33640914071148603215 0.00000000099999999863 0.00000000099999999863 0.00000000099999999863 0.00000000099999999863 0.00000000099999999863 0.00000000099999999863 0.00000000099999999863 0.00000000099999999863 0.00000000099999999863 0.00000000099999999863 0.00000000099999999863 0.00000000099999999863 0.66359084628851361387 
0.00000000099999999813 0.94475762202984814309 0.00000000099999999813 0.00000000099999999813 0.00000000099999999813 0.00000000099999999813 0.00000000099999999813 0.00000000099999999813 0.00000000099999999813 0.00000000099999999813 0.00000000099999999813 0.00000000099999999813 0.00000000099999999813 0.00000000099999999813 0.05524236497015211356 
0.00000000099999999803 0.44857068454435827798 0.00000000099999999803 0.00000000099999999803 0.00000000099999999803 0.00000000099999999803 0.00000000099999999803 0.00000000099999999803 0.00000000099999999803 0.00000000099999999803 0.00000000099999999803 0.00000000099999999803 0.00000000099999999803 0.00000000099999999803 0.55142930245564125702 
0.00000000099999999800 0.54146675683476142016 0.00000000099999999800 0.00000000099999999800 0.00000000099999999800 0.00000000099999999800 0.00000000099999999800 0.00000000099999999800 0.00000000099999999800 0.00000000099999999800 0.00000000099999999800 0.00000000099999999800 0.00000000099999999800 0.00000000099999999800 0.45853323016523894751 
0.00000000099999999797 0.48967006316980038472 0.00000000099999999797 0.00000000099999999797 0.00000000099999999797 0.00000000099999999797 0.00000000099999999797 0.00000000099999999797 0.00000000099999999797 0.00000000099999999797 0.00000000099999999797 0.00000000099999999797 0.00000000099999999797 0.00000000099999999797 0.51032992383019937233 
0.00000000099999999777 0.99999998600000006288 0.00000000099999999777 0.00000000099999999777 0.00000000099999999777 0.00000000099999999777 0.00000000099999999777 0.00000000099999999777 0.00000000099999999777 0.00000000099999999777 0.00000000099999999777 0.00000000099999999777 0.00000000099999999777 0.00000000099999999777 0.00000000099999999777 
0.00000000099999999790 0.74998838789542632277 0.00000000099999999790 0.00000000099999999790 0.00000000099999999790 0.00000000099999999790 0.00000000099999999790 0.00000000099999999790 0.00000000099999999790 0.00000000099999999790 0.00000000099999999790 0.00000000099999999790 0.00000000099999999790 0.00000000099999999790 0.25001159910457404489 
0.00000000099999999792 0.58146868818810415469 0.00000000099999999792 0.00000000099999999792 0.00000000099999999792 0.00000000099999999792 0.00000000099999999792 0.00000000099999999792 0.00000000099999999792 0.00000000099999999792 0.00000000099999999792 0.00000000099999999792 0.00000000099999999792 0.00000000099999999792 0.41853129881189615746 
0.00000000099999999798 0.57211286335422917304 0.00000000099999999798 0.00000000099999999798 0.00000000099999999798 0.00000000099999999798 0.00000000099999999798 0.00000000099999999798 0.00000000099999999798 0.00000000099999999798 0.00000000099999999798 0.00000000099999999798 0.00000000099999999798 0.00000000099999999798 0.42788712364577125014 
0.00000000099999999798 0.46114999421343844110 0.00000000099999999798 0.00000000099999999798 0.00000000099999999798 0.00000000099999999798 0.00000000099999999798 0.00000000099999999798 0.00000000099999999798 0.00000000099999999798 0.00000000099999999798 0.00000000099999999798 0.00000000099999999798 0.00000000099999999798 0.53884999278656120492 
0.00000000099999999789 0.51598022771743290438 0.00000000099999999789 0.00000000099999999789 0.00000000099999999789 0.00000000099999999789 0.00000000099999999789 0.00000000099999999789 0.00000000099999999789 0.00000000099999999789 0.00000000099999999789 0.00000000099999999789 0.00000000099999999789 0.00000000099999999789 0.48401975928256757431 
0.00000000099999999788 0.50085876115660354913 0.00000000099999999788 0.00000000099999999788 0.00000000099999999788 0.00000000099999999788 0.00000000099999999788 0.00000000099999999788 0.00000000099999999788 0.00000000099999999788 0.00000000099999999788 0.00000000099999999788 0.00000000099999999788 0.00000000099999999788 0.49914122584339681854 
0.00000000099999999798 0.50256639283374249239 0.00000000099999999798 0.00000000099999999798 0.00000000099999999798 0.00000000099999999798 0.00000000099999999798 0.00000000099999999798 0.00000000099999999798 0.00000000099999999798 0.00000000099999999798 0.00000000099999999798 0.00000000099999999798 0.00000000099999999798 0.49743359416625781977 
0.00000000099999999780 0.99999998600000006288 0.00000000099999999780 0.00000000099999999780 0.00000000099999999780 0.00000000099999999780 0.00000000099999999780 0.00000000099999999780 0.00000000099999999780 0.00000000099999999780 0.00000000099999999780 0.00000000099999999780 0.00000000099999999780 0.00000000099999999780 0.00000000099999999780 
0.00000000099999999874 0.38258009140244242374 0.00000000099999999874 0.00000000099999999874 0.00000000099999999874 0.00000000099999999874 0.00000000099999999874 0.00000000099999999874 0.00000000099999999874 0.00000000099999999874 0.00000000099999999874 0.00000000099999999874 0.00000000099999999874 0.00000000099999999874 0.61741989559755716677 
0.00000000099999999824 0.99737773952140684752 0.00000000099999999824 0.00000000099999999824 0.00000000099999999824 0.00000000099999999824 0.00000000099999999824 0.00000000099999999824 0.00000000099999999824 0.00000000099999999824 0.00000000099999999824 0.00000000099999999824 0.00000000099999999824 0.00000000099999999824 0.00262224747859369708 
0.00000000099999999795 0.43601228129322133764 0.00000000099999999795 0.00000000099999999795 0.00000000099999999795 0.00000000099999999795 0.00000000099999999795 0.00000000099999999795 0.00000000099999999795 0.00000000099999999795 0.00000000099999999795 0.00000000099999999795 0.00000000099999999795 0.00000000099999999795 0.56398770570677847491 
0.00000000099999999877 0.37439091942819902048 0.00000000099999999877 0.00000000099999999877 0.00000000099999999877 0.00000000099999999877 0.00000000099999999877 0.00000000099999999877 0.00000000099999999877 0.00000000099999999877 0.00000000099999999877 0.00000000099999999877 0.00000000099999999877 0.00000000099999999877 0.62560906757180068105 
0.00000000099999999794 0.66460839714065111927 0.00000000099999999794 0.00000000099999999794 0.00000000099999999794 0.00000000099999999794 0.00000000099999999794 0.00000000099999999794 0.00000000099999999794 0.00000000099999999794 0.00000000099999999794 0.00000000099999999794 0.00000000099999999794 0.00000000099999999794 0.33539158985934930390 
0.00000000099999999783 0.99999998600000006288 0.00000000099999999783 0.00000000099999999783 0.00000000099999999783 0.00000000099999999783 0.00000000099999999783 0.00000000099999999783 0.00000000099999999783 0.00000000099999999783 0.00000000099999999783 0.00000000099999999783 0.00000000099999999783 0.00000000099999999783 0.00000000099999999783 
0.00000000099999999810 0.65964364669982888945 0.00000000099999999810 0.00000000099999999810 0.00000000099999999810 0.00000000099999999810 0.00000000099999999810 0.00000000099999999810 0.00000000099999999810 0.00000000099999999810 0.00000000099999999810 0.00000000099999999810 0.00000000099999999810 0.00000000099999999810 0.34035634030017153373 
0.00000000099999999792 0.44593302273528018231 0.00000000099999999792 0.00000000099999999792 0.00000000099999999792 0.00000000099999999792 0.00000000099999999792 0.00000000099999999792 0.00000000099999999792 0.00000000099999999792 0.00000000099999999792 0.00000000099999999792 0.00000000099999999792 0.00000000099999999792 0.55406696426471957473 
0.00000000099999999791 0.69637076787838991798 0.00000000099999999791 0.00000000099999999791 0.00000000099999999791 0.00000000099999999791 0.00000000099999999791 0.00000000099999999791 0.00000000099999999791 0.00000000099999999791 0.00000000099999999791 0.00000000099999999791 0.00000000099999999791 0.00000000099999999791 0.30362921912161056071 
0.00000000099999999773 0.00000000099999999773 0.00000000099999999773 0.00000000099999999773 0.00000000099999999773 0.00000000099999999773 0.00000000099999999773 0.00000000099999999773 0.00000000099999999773 0.00000000099999999773 0.00000000099999999773 0.00000000099999999773 0.00000000099999999773 0.00000000099999999773 0.99999998600000006288 
0.00000000099999999797 0.41560148065410823515 0.00000000099999999797 0.00000000099999999797 0.00000000099999999797 0.00000000099999999797 0.00000000099999999797 0.00000000099999999797 0.00000000099999999797 0.00000000099999999797 0.00000000099999999797 0.00000000099999999797 0.00000000099999999797 0.00000000099999999797 0.58439850634589141087 
0.00000000099999999813 0.88548764480868591420 0.00000000099999999813 0.00000000099999999813 0.00000000099999999813 0.00000000099999999813 0.00000000099999999813 0.00000000099999999813 0.00000000099999999813 0.00000000099999999813 0.00000000099999999813 0.00000000099999999813 0.00000000099999999813 0.00000000099999999813 0.11451234219131450898 
0.00000000099999999775 0.99999998600000017390 0.00000000099999999775 0.00000000099999999775 0.00000000099999999775 0.00000000099999999775 0.00000000099999999775 0.00000000099999999775 0.00000000099999999775 0.00000000099999999775 0.00000000099999999775 0.00000000099999999775 0.00000000099999999775 0.00000000099999999775 0.00000000099999999775 
0.00000000099999999802 0.68144788043156812041 0.00000000099999999802 0.00000000099999999802 0.00000000099999999802 0.00000000099999999802 0.00000000099999999802 0.00000000099999999802 0.00000000099999999802 0.00000000099999999802 0.00000000099999999802 0.00000000099999999802 0.00000000099999999802 0.00000000099999999802 0.31855210656843224726 
0.00000000099999999794 0.49028789563063712720 0.00000000099999999794 0.00000000099999999794 0.00000000099999999794 0.00000000099999999794 0.00000000099999999794 0.00000000099999999794 0.00000000099999999794 0.00000000099999999794 0.00000000099999999794 0.00000000099999999794 0.00000000099999999794 0.00000000099999999794 0.50971209136936257433 
0.00000000099999999796 0.65140958542403659681 0.00000000099999999796 0.00000000099999999796 0.00000000099999999796 0.00000000099999999796 0.00000000099999999796 0.00000000099999999796 0.00000000099999999796 0.00000000099999999796 0.00000000099999999796 0.00000000099999999796 0.00000000099999999796 0.00000000099999999796 0.34859040157596377085 
0.00000000099999999867 0.44457067337359035264 0.00000000099999999867 0.00000000099999999867 0.00000000099999999867 0.00000000099999999867 0.00000000099999999867 0.00000000099999999867 0.00000000099999999867 0.00000000099999999867 0.00000000099999999867 0.00000000099999999867 0.00000000099999999867 0.00000000099999999867 0.55542931362640923787 
0.00000000099999999893 0.23348826669070307793 0.00000000099999999893 0.00000000099999999893 0.00000000099999999893 0.00000000099999999893 0.00000000099999999893 0.00000000099999999893 0.00000000099999999893 0.00000000099999999893 0.00000000099999999893 0.00000000099999999893 0.00000000099999999893 0.00000000099999999893 0.76651172030929681789 
0.00000000099999999785 0.04128582262558531252 0.00000000099999999785 0.00000000099999999785 0.00000000099999999785 0.00000000099999999785 0.00000000099999999785 0.00000000099999999785 0.00000000099999999785 0.00000000099999999785 0.00000000099999999785 0.00000000099999999785 0.00000000099999999785 0.00000000099999999785 0.95871416437441481229 
0.00000000099999999876 0.24866285886706715469 0.00000000099999999876 0.00000000099999999876 0.00000000099999999876 0.00000000099999999876 0.00000000099999999876 0.00000000099999999876 0.00000000099999999876 0.00000000099999999876 0.00000000099999999876 0.00000000099999999876 0.00000000099999999876 0.00000000099999999876 0.75133712813293296318 
0.00000000099999999779 0.00902218883798672905 0.00000000099999999779 0.00000000099999999779 0.00000000099999999779 0.00000000099999999779 0.00000000099999999779 0.00000000099999999779 0.00000000099999999779 0.00000000099999999779 0.00000000099999999779 0.00000000099999999779 0.00000000099999999779 0.00000000099999999779 0.99097779816201325698 
0.00000000099999999777 0.00000000099999999777 0.00000000099999999777 0.00000000099999999777 0.00000000099999999777 0.00000000099999999777 0.00000000099999999777 0.00000000099999999777 0.00000000099999999777 0.00000000099999999777 0.00000000099999999777 0.00000000099999999777 0.00000000099999999777 0.00000000099999999777 0.99999998600000006288 
0.00000000099999999781 0.06400788623770953256 0.00000000099999999781 0.00000000099999999781 0.00000000099999999781 0.00000000099999999781 0.00000000099999999781 0.00000000099999999781 0.00000000099999999781 0.00000000099999999781 0.00000000099999999781 0.00000000099999999781 0.00000000099999999781 0.00000000099999999781 0.93599210076229044653 
0.00000000099999999776 0.00000000099999999776 0.00000000099999999776 0.00000000099999999776 0.00000000099999999776 0.00000000099999999776 0.00000000099999999776 0.00000000099999999776 0.00000000099999999776 0.00000000099999999776 0.00000000099999999776 0.00000000099999999776 0.00000000099999999776 0.00000000099999999776 0.99999998599999995186 
0.00000000099999999780 0.00001284423307619972 0.00000000099999999780 0.00000000099999999780 0.00000000099999999780 0.00000000099999999780 0.00000000099999999780 0.00000000099999999780 0.00000000099999999780 0.00000000099999999780 0.00000000099999999780 0.00000000099999999780 0.00000000099999999780 0.00000000099999999780 0.99998714276692379777 
0.00000000099999999777 0.00000000099999999777 0.00000000099999999777 0.00000000099999999777 0.00000000099999999777 0.00000000099999999777 0.00000000099999999777 0.00000000099999999777 0.00000000099999999777 0.00000000099999999777 0.00000000099999999777 0.00000000099999999777 0.00000000099999999777 0.00000000099999999777 0.99999998599999995186 
0.00000000099999999783 0.01337048349620069930 0.00000000099999999783 0.00000000099999999783 0.00000000099999999783 0.00000000099999999783 0.00000000099999999783 0.00000000099999999783 0.00000000099999999783 0.00000000099999999783 0.00000000099999999783 0.00000000099999999783 0.00000000099999999783 0.00000000099999999783 0.98662950350379940989 
0.00000000099999999780 0.00892713694179328617 0.00000000099999999780 0.00000000099999999780 0.00000000099999999780 0.00000000099999999780 0.00000000099999999780 0.00000000099999999780 0.00000000099999999780 0.00000000099999999780 0.00000000099999999780 0.00000000099999999780 0.00000000099999999780 0.00000000099999999780 0.99107285005820666690 
0.00000000099999999796 0.00910990517653473796 0.00000000099999999796 0.00000000099999999796 0.00000000099999999796 0.00000000099999999796 0.00000000099999999796 0.00000000099999999796 0.00000000099999999796 0.00000000099999999796 0.00000000099999999796 0.00000000099999999796 0.00000000099999999796 0.00000000099999999796 0.99089008182346516307 
0.00000000099999999783 0.03249346950509097304 0.00000000099999999783 0.00000000099999999783 0.00000000099999999783 0.00000000099999999783 0.00000000099999999783 0.00000000099999999783 0.00000000099999999783 0.00000000099999999783 0.00000000099999999783 0.00000000099999999783 0.00000000099999999783 0.00000000099999999783 0.96750651749490901299 
0.00000000099999999778 0.00005979931329606308 0.00000000099999999778 0.00000000099999999778 0.00000000099999999778 0.00000000099999999778 0.00000000099999999778 0.00000000099999999778 0.00000000099999999778 0.00000000099999999778 0.00000000099999999778 0.00000000099999999778 0.00000000099999999778 0.00000000099999999778 0.99994018768670389630 
0.00000000099999999780 0.00798164697655285443 0.00000000099999999780 0.00000000099999999780 0.00000000099999999780 0.00000000099999999780 0.00000000099999999780 0.00000000099999999780 0.00000000099999999780 0.00000000099999999780 0.00000000099999999780 0.00000000099999999780 0.00000000099999999780 0.00000000099999999780 0.99201834002344713159 
0.00000000099999999782 0.03819606486468085649 0.00000000099999999782 0.00000000099999999782 0.00000000099999999782 0.00000000099999999782 0.00000000099999999782 0.00000000099999999782 0.00000000099999999782 0.00000000099999999782 0.00000000099999999782 0.00000000099999999782 0.00000000099999999782 0.00000000099999999782 0.96180392213531928913 
0.00000000099999999786 0.05278611926410852612 0.00000000099999999786 0.00000000099999999786 0.00000000099999999786 0.00000000099999999786 0.00000000099999999786 0.00000000099999999786 0.00000000099999999786 0.00000000099999999786 0.00000000099999999786 0.00000000099999999786 0.00000000099999999786 0.00000000099999999786 0.94721386773589144603 
0.00000000099999999780 0.01691103448184141933 0.00000000099999999780 0.00000000099999999780 0.00000000099999999780 0.00000000099999999780 0.00000000099999999780 0.00000000099999999780 0.00000000099999999780 0.00000000099999999780 0.00000000099999999780 0.00000000099999999780 0.00000000099999999780 0.00000000099999999780 0.98308895251815853200 
0.00000000099999999774 0.00000000099999999774 0.00000000099999999774 0.00000000099999999774 0.00000000099999999774 0.00000000099999999774 0.00000000099999999774 0.00000000099999999774 0.00000000099999999774 0.00000000099999999774 0.00000000099999999774 0.00000000099999999774 0.00000000099999999774 0.00000000099999999774 0.99999998599999995186 
0.00000000099999999776 0.00000000099999999776 0.00000000099999999776 0.00000000099999999776 0.00000000099999999776 0.00000000099999999776 0.00000000099999999776 0.00000000099999999776 0.00000000099999999776 0.00000000099999999776 0.00000000099999999776 0.00000000099999999776 0.00000000099999999776 0.00000000099999999776 0.99999998599999995186 
0.00000000099999999776 0.00000000099999999776 0.00000000099999999776 0.00000000099999999776 0.00000000099999999776 0.00000000099999999776 0.00000000099999999776 0.00000000099999999776 0.00000000099999999776 0.00000000099999999776 0.00000000099999999776 0.00000000099999999776 0.00000000099999999776 0.00000000099999999776 0.99999998600000006288 
0.00000000099999999779 0.01114132109521966812 0.00000000099999999779 0.00000000099999999779 0.00000000099999999779 0.00000000099999999779 0.00000000099999999779 0.00000000099999999779 0.00000000099999999779 0.00000000099999999779 0.00000000099999999779 0.00000000099999999779 0.00000000099999999779 0.00000000099999999779 0.98885866590478022076 
0.00000000099999999783 0.04856927052364127390 0.00000000099999999783 0.00000000099999999783 0.00000000099999999783 0.00000000099999999783 0.00000000099999999783 0.00000000099999999783 0.00000000099999999783 0.00000000099999999783 0.00000000099999999783 0.00000000099999999783 0.00000000099999999783 0.00000000099999999783 0.95143071647635868437 
0.00000000099999999879 0.13970135659880156265 0.00000000099999999879 0.00000000099999999879 0.00000000099999999879 0.00000000099999999879 0.00000000099999999879 0.00000000099999999879 0.00000000099999999879 0.00000000099999999879 0.00000000099999999879 0.00000000099999999879 0.00000000099999999879 0.00000000099999999879 0.86029863040119847195 
0.00000000099999999779 0.00000000099999999779 0.00000000099999999779 0.00000000099999999779 0.00000000099999999779 0.00000000099999999779 0.00000000099999999779 0.00000000099999999779 0.00000000099999999779 0.00000000099999999779 0.00000000099999999779 0.00000000099999999779 0.00000000099999999779 0.00000000099999999779 0.99999998599999995186 
0.00000000099999999876 0.39703397385747418724 0.00000000099999999876 0.00000000099999999876 0.00000000099999999876 0.00000000099999999876 0.00000000099999999876 0.00000000099999999876 0.00000000099999999876 0.00000000099999999876 0.00000000099999999876 0.00000000099999999876 0.00000000099999999876 0.00000000099999999876 0.60296601314252551429 
0.00000000099999999776 0.00000000099999999776 0.00000000099999999776 0.00000000099999999776 0.00000000099999999776 0.00000000099999999776 0.00000000099999999776 0.00000000099999999776 0.00000000099999999776 0.00000000099999999776 0.00000000099999999776 0.00000000099999999776 0.00000000099999999776 0.00000000099999999776 0.99999998599999995186 
0.00000000099999999779 0.00001184842570881540 0.00000000099999999779 0.00000000099999999779 0.00000000099999999779 0.00000000099999999779 0.00000000099999999779 0.00000000099999999779 0.00000000099999999779 0.00000000099999999779 0.00000000099999999779 0.00000000099999999779 0.00000000099999999779 0.00000000099999999779 0.99998813857429125207 
0.00000000099999999779 0.00000000099999999779 0.00000000099999999779 0.00000000099999999779 0.00000000099999999779 0.00000000099999999779 0.00000000099999999779 0.00000000099999999779 0.00000000099999999779 0.00000000099999999779 0.00000000099999999779 0.00000000099999999779 0.00000000099999999779 0.00000000099999999779 0.99999998600000006288 
0.00000000099999999915 0.00000000099999999915 0.00000000099999999915 0.00000000099999999915 0.00000000099999999915 0.00000000099999999915 0.00000000099999999915 0.00000000099999999915 0.00000000099999999915 0.00000000099999999915 0.00000000099999999915 0.00000000099999999915 0.00000000099999999915 0.00000000099999999915 0.99999998600000006288 
0.00000000099999999794 0.61503259766707296663 0.00000000099999999794 0.00000000099999999794 0.00000000099999999794 0.00000000099999999794 0.00000000099999999794 0.00000000099999999794 0.00000000099999999794 0.00000000099999999794 0.00000000099999999794 0.00000000099999999794 0.00000000099999999794 0.00000000099999999794 0.38496738933292745655 
0.00000000099999999860 0.28190053399170916792 0.00000000099999999860 0.00000000099999999860 0.00000000099999999860 0.00000000099999999860 0.00000000099999999860 0.00000000099999999860 0.00000000099999999860 0.00000000099999999860 0.00000000099999999860 0.00000000099999999860 0.00000000099999999860 0.00000000099999999860 0.71809945300829047810 
0.00000000099999999854 0.27422393420744073378 0.00000000099999999854 0.00000000099999999854 0.00000000099999999854 0.00000000099999999854 0.00000000099999999854 0.00000000099999999854 0.00000000099999999854 0.00000000099999999854 0.00000000099999999854 0.00000000099999999854 0.00000000099999999854 0.00000000099999999854 0.72577605279255885673 
0.00000000099999999859 0.26405995966429446353 0.00000000099999999859 0.00000000099999999859 0.00000000099999999859 0.00000000099999999859 0.00000000099999999859 0.00000000099999999859 0.00000000099999999859 0.00000000099999999859 0.00000000099999999859 0.00000000099999999859 0.00000000099999999859 0.00000000099999999859 0.73594002733570518249 
0.00000000099999999859 0.28660540843174020509 0.00000000099999999859 0.00000000099999999859 0.00000000099999999859 0.00000000099999999859 0.00000000099999999859 0.00000000099999999859 0.00000000099999999859 0.00000000099999999859 0.00000000099999999859 0.00000000099999999859 0.00000000099999999859 0.00000000099999999859 0.71339457856825938542 
0.00000000099999999862 0.26488107038063107845 0.00000000099999999862 0.00000000099999999862 0.00000000099999999862 0.00000000099999999862 0.00000000099999999862 0.00000000099999999862 0.00000000099999999862 0.00000000099999999862 0.00000000099999999862 0.00000000099999999862 0.00000000099999999862 0.00000000099999999862 0.73511891661936867859 
0.00000000099999999780 0.00940527286936661440 0.00000000099999999780 0.00000000099999999780 0.00000000099999999780 0.00000000099999999780 0.00000000099999999780 0.00000000099999999780 0.00000000099999999780 0.00000000099999999780 0.00000000099999999780 0.00000000099999999780 0.00000000099999999780 0.00000000099999999780 0.99059471413063338030 
0.00000000099999999784 0.07056643493438503889 0.00000000099999999784 0.00000000099999999784 0.00000000099999999784 0.00000000099999999784 0.00000000099999999784 0.00000000099999999784 0.00000000099999999784 0.00000000099999999784 0.00000000099999999784 0.00000000099999999784 0.00000000099999999784 0.00000000099999999784 0.92943355206561506510 
0.00000000099999999784 0.08160989675906785146 0.00000000099999999784 0.00000000099999999784 0.00000000099999999784 0.00000000099999999784 0.00000000099999999784 0.00000000099999999784 0.00000000099999999784 0.00000000099999999784 0.00000000099999999784 0.00000000099999999784 0.00000000099999999784 0.00000000099999999784 0.91839009024093221090 
0.00000000099999999783 0.06129605845851832796 0.00000000099999999783 0.00000000099999999783 0.00000000099999999783 0.00000000099999999783 0.00000000099999999783 0.00000000099999999783 0.00000000099999999783 0.00000000099999999783 0.00000000099999999783 0.00000000099999999783 0.00000000099999999783 0.00000000099999999783 0.93870392854148165807 
0.00000000099999999783 0.01169052865850886587 0.00000000099999999783 0.00000000099999999783 0.00000000099999999783 0.00000000099999999783 0.00000000099999999783 0.00000000099999999783 0.00000000099999999783 0.00000000099999999783 0.00000000099999999783 0.00000000099999999783 0.00000000099999999783 0.00000000099999999783 0.98830945834149119822 
0.00000000099999999781 0.00000000114255717978 0.00000000099999999781 0.00000000099999999781 0.00000000099999999781 0.00000000099999999781 0.00000000099999999781 0.00000000099999999781 0.00000000099999999781 0.00000000099999999781 0.00000000099999999781 0.00000000099999999781 0.00000000099999999781 0.00000000099999999781 0.99999998585744287460 
0.00000000099999999781 0.00000002451070270774 0.00000000099999999781 0.00000000099999999781 0.00000000099999999781 0.00000000099999999781 0.00000000099999999781 0.00000000099999999781 0.00000000099999999781 0.00000000099999999781 0.00000000099999999781 0.00000000099999999781 0.00000000099999999781 0.00000000099999999781 0.99999996248929745590 
0.00000000099999999778 0.00953352497040462800 0.00000000099999999778 0.00000000099999999778 0.00000000099999999778 0.00000000099999999778 0.00000000099999999778 0.00000000099999999778 0.00000000099999999778 0.00000000099999999778 0.00000000099999999778 0.00000000099999999778 0.00000000099999999778 0.00000000099999999778 0.99046646202959531813 
0.00000000099999999780 0.00683669472954480991 0.00000000099999999780 0.00000000099999999780 0.00000000099999999780 0.00000000099999999780 0.00000000099999999780 0.00000000099999999780 0.00000000099999999780 0.00000000099999999780 0.00000000099999999780 0.00000000099999999780 0.00000000099999999780 0.00000000099999999780 0.99316329227045530015 
0.00000000099999999812 0.46027573920330139279 0.00000000099999999812 0.00000000099999999812 0.00000000099999999812 0.00000000099999999812 0.00000000099999999812 0.00000000099999999812 0.00000000099999999812 0.00000000099999999812 0.00000000099999999812 0.00000000099999999812 0.00000000099999999812 0.00000000099999999812 0.53972424779669836425 
0.00000000099999999775 0.00000000099999999775 0.00000000099999999775 0.00000000099999999775 0.00000000099999999775 0.00000000099999999775 0.00000000099999999775 0.00000000099999999775 0.00000000099999999775 0.00000000099999999775 0.00000000099999999775 0.00000000099999999775 0.00000000099999999775 0.00000000099999999775 0.99999998600000006288 
0.00000000099999999816 0.89402134020586421226 0.00000000099999999816 0.00000000099999999816 0.00000000099999999816 0.00000000099999999816 0.00000000099999999816 0.00000000099999999816 0.00000000099999999816 0.00000000099999999816 0.00000000099999999816 0.00000000099999999816 0.00000000099999999816 0.00000000099999999816 0.10597864679413614153 
0.00000000099999999778 0.00000000099999999778 0.00000000099999999778 0.00000000099999999778 0.00000000099999999778 0.00000000099999999778 0.00000000099999999778 0.00000000099999999778 0.00000000099999999778 0.00000000099999999778 0.00000000099999999778 0.00000000099999999778 0.00000000099999999778 0.00000000099999999778 0.99999998599999995186 
0.00000000099999999818 0.48615047971545194416 0.00000000099999999818 0.00000000099999999818 0.00000000099999999818 0.00000000099999999818 0.00000000099999999818 0.00000000099999999818 0.00000000099999999818 0.00000000099999999818 0.00000000099999999818 0.00000000099999999818 0.00000000099999999818 0.00000000099999999818 0.51384950728454770186 
0.00000000099999999779 0.00000000099999999779 0.00000000099999999779 0.00000000099999999779 0.00000000099999999779 0.00000000099999999779 0.00000000099999999779 0.00000000099999999779 0.00000000099999999779 0.00000000099999999779 0.00000000099999999779 0.00000000099999999779 0.00000000099999999779 0.00000000099999999779 0.99999998600000006288 
0.00000000099999999794 0.43297303397612529885 0.00000000099999999794 0.00000000099999999794 0.00000000099999999794 0.00000000099999999794 0.00000000099999999794 0.00000000099999999794 0.00000000099999999794 0.00000000099999999794 0.00000000099999999794 0.00000000099999999794 0.00000000099999999794 0.00000000099999999794 0.56702695302387440268 
0.00000000099999999796 0.43424265070261941490 0.00000000099999999796 0.00000000099999999796 0.00000000099999999796 0.00000000099999999796 0.00000000099999999796 0.00000000099999999796 0.00000000099999999796 0.00000000099999999796 0.00000000099999999796 0.00000000099999999796 0.00000000099999999796 0.00000000099999999796 0.56575733629738023112 
0.00000000099999999791 0.99999998600000006288 0.00000000099999999791 0.00000000099999999791 0.00000000099999999791 0.00000000099999999791 0.00000000099999999791 0.00000000099999999791 0.00000000099999999791 0.00000000099999999791 0.00000000099999999791 0.00000000099999999791 0.00000000099999999791 0.00000000099999999791 0.00000000099999999791 
0.00000000099999999800 0.28418824019993588204 0.00000000099999999800 0.00000000099999999800 0.00000000099999999800 0.00000000099999999800 0.00000000099999999800 0.00000000099999999800 0.00000000099999999800 0.00000000099999999800 0.00000000099999999800 0.00000000099999999800 0.00000000099999999800 0.00000000099999999800 0.71581174680006376398 
0.00000000099999999789 0.99999998600000006288 0.00000000099999999789 0.00000000099999999789 0.00000000099999999789 0.00000000099999999789 0.00000000099999999789 0.00000000099999999789 0.00000000099999999789 0.00000000099999999789 0.00000000099999999789 0.00000000099999999789 0.00000000099999999789 0.00000000099999999789 0.00000000099999999789 
0.00000000099999999797 0.54710108540972357538 0.00000000099999999797 0.00000000099999999797 0.00000000099999999797 0.00000000099999999797 0.00000000099999999797 0.00000000099999999797 0.00000000099999999797 0.00000000099999999797 0.00000000099999999797 0.00000000099999999797 0.00000000099999999797 0.00000000099999999797 0.45289890159027684780 
0.00000000099999999794 0.55011216085574032864 0.00000000099999999794 0.00000000099999999794 0.00000000099999999794 0.00000000099999999794 0.00000000099999999794 0.00000000099999999794 0.00000000099999999794 0.00000000099999999794 0.00000000099999999794 0.00000000099999999794 0.00000000099999999794 0.00000000099999999794 0.44988782614425992801 
0.00000000099999999781 0.99999998600000006288 0.00000000099999999781 0.00000000099999999781 0.00000000099999999781 0.00000000099999999781 0.00000000099999999781 0.00000000099999999781 0.00000000099999999781 0.00000000099999999781 0.00000000099999999781 0.00000000099999999781 0.00000000099999999781 0.00000000099999999781 0.00000000099999999781 
0.00000000099999999868 0.28043009286446907158 0.00000000099999999868 0.00000000099999999868 0.00000000099999999868 0.00000000099999999868 0.00000000099999999868 0.00000000099999999868 0.00000000099999999868 0.00000000099999999868 0.00000000099999999868 0.00000000099999999868 0.00000000099999999868 0.00000000099999999868 0.71956989413553062995 
0.00000000099999999871 0.27747531189214036385 0.00000000099999999871 0.00000000099999999871 0.00000000099999999871 0.00000000099999999871 0.00000000099999999871 0.00000000099999999871 0.00000000099999999871 0.00000000099999999871 0.00000000099999999871 0.00000000099999999871 0.00000000099999999871 0.00000000099999999871 0.72252467510785922666 
