0.00000000099999999897 0.00000000099999999897 0.00000000099999999897 0.00000000099999999897 0.00000000099999999897 0.00000000099999999897 0.00000000099999999897 0.00000000099999999897 0.00000000099999999897 0.60022780197797376278 0.00000000099999999897 0.00000000099999999897 0.00000000099999999897 0.00000000099999999897 0.00000000099999999897 0.24279831991667050195 0.00000000099999999897 0.00000000099999999897 0.15697385810535596784 0.00000000099999999897 0.00000000099999999897 0.00000000099999999897 0.00000000099999999897 
0.00000000099999999898 0.00000000099999999898 0.00000000099999999898 0.00000000099999999898 0.00000000099999999898 0.00000000099999999898 0.00000000099999999898 0.00000000099999999898 0.00000000099999999898 0.00000000099999999898 0.00000000099999999898 0.00000000099999999898 0.00000205719119703321 0.00000000099999999898 0.00000000099999999898 0.00000000203269364954 0.00000000099999999898 0.00000000099999999898 0.21476774704819276418 0.19540556038888032275 0.00000000099999999898 0.58982461533903607354 0.00000000099999999898 
0.00000000099999999682 0.00000000099999999682 0.00000000099999999682 0.00000000099999999682 0.00000000099999999682 0.00000000099999999682 0.00000000099999999682 0.00000000099999999682 0.00000000099999999682 0.00000000099999999682 0.00000000099999999682 0.00000000099999999682 0.00000000099999999682 0.00000000099999999682 0.00000000099999999682 0.00000000099999999682 0.00000000099999999682 0.99999997799999984505 0.00000000099999999682 0.00000000099999999682 0.00000000099999999682 0.00000000099999999682 0.00000000099999999682 
0.00000000099999999689 0.00000000099999999689 0.00000000099999999689 0.00000000099999999689 0.99999997800000017811 0.00000000099999999689 0.00000000099999999689 0.00000000099999999689 0.00000000099999999689 0.00000000099999999689 0.00000000099999999689 0.00000000099999999689 0.00000000099999999689 0.00000000099999999689 0.00000000099999999689 0.00000000099999999689 0.00000000099999999689 0.00000000099999999689 0.00000000099999999689 0.00000000099999999689 0.00000000099999999689 0.00000000099999999689 0.00000000099999999689 
0.00000000099999999661 0.99999997800000040016 0.00000000099999999661 0.00000000099999999661 0.00000000099999999661 0.00000000099999999661 0.00000000099999999661 0.00000000099999999661 0.00000000099999999661 0.00000000099999999661 0.00000000099999999661 0.00000000099999999661 0.00000000099999999661 0.00000000099999999661 0.00000000099999999661 0.00000000099999999661 0.00000000099999999661 0.00000000099999999661 0.00000000099999999661 0.00000000099999999661 0.00000000099999999661 0.00000000099999999661 0.00000000099999999661 
0.00000000099999999980 0.18612472549073347250 0.00000000099999999980 0.00000000099999999980 0.00000000099999999980 0.00000000099999999980 0.00000000099999999980 0.00000000099999999980 0.00000000099999999980 0.00000000099999999980 0.00000000099999999980 0.00000000099999999980 0.00000000104359682743 0.48197238914910794927 0.00485877941130781303 0.13886909360245250356 0.00000000099999999980 0.00000000099999999980 0.00000000099999999980 0.18563610783029907414 0.00000000099999999980 0.00000000099999999980 0.00253888747250253762 
0.00000000099999999714 0.00000000099999999714 0.99999997800000028914 0.00000000099999999714 0.00000000099999999714 0.00000000099999999714 0.00000000099999999714 0.00000000099999999714 0.00000000099999999714 0.00000000099999999714 0.00000000099999999714 0.00000000099999999714 0.00000000099999999714 0.00000000099999999714 0.00000000099999999714 0.00000000099999999714 0.00000000099999999714 0.00000000099999999714 0.00000000099999999714 0.00000000099999999714 0.00000000099999999714 0.00000000099999999714 0.00000000099999999714 
0.02498535615925620221 0.02617930995097277058 0.00000000099999999991 0.09021156760604495672 0.00000000099999999991 0.00906234336243740522 0.05860031050277233339 0.04524553773690163233 0.10491230399017496822 0.00000000099999999991 0.17765907311494688603 0.00000000099999999991 0.00000000099999999991 0.27253429073073592859 0.02361869210579134459 0.00000000099999999991 0.01243170215860736443 0.00000000099999999991 0.00000000099999999991 0.00000000099999999991 0.10498275929325796840 0.00000000099999999991 0.04957674328810045966 
0.00000000099999999901 0.00000000099999999901 0.00000000099999999901 0.00000000099999999901 0.00000000099999999901 0.00000000099999999901 0.00000000099999999901 0.00000000099999999901 0.00000000099999999901 0.00000000099999999901 0.00000000099999999901 0.00000000099999999901 0.00000000099999999901 0.00000000099999999901 0.00000000099999999901 0.00000000099999999901 0.00000000099999999901 0.52910134150443388634 0.22510666211119176316 0.24579197638437438878 0.00000000099999999901 0.00000000099999999901 0.00000000099999999901 
0.00000000099999999644 0.00000000099999999644 0.00000000099999999644 0.00000000099999999644 0.00000000099999999644 0.00000000099999999644 0.00000000099999999644 0.99999997800000017811 0.00000000099999999644 0.00000000099999999644 0.00000000099999999644 0.00000000099999999644 0.00000000099999999644 0.00000000099999999644 0.00000000099999999644 0.00000000099999999644 0.00000000099999999644 0.00000000099999999644 0.00000000099999999644 0.00000000099999999644 0.00000000099999999644 0.00000000099999999644 0.00000000099999999644 
0.00000000099999999891 0.00000000099999999891 0.00000000099999999891 0.00000000099999999891 0.35458264138807482624 0.00000000099999999891 0.00000000099999999891 0.00000000099999999891 0.00000000099999999891 0.00000000099999999891 0.00000000099999999891 0.00000000099999999891 0.41717322485991731318 0.00000000099999999891 0.00000000099999999891 0.00000000099999999891 0.00000000099999999891 0.00000000099999999891 0.11817686308161030884 0.11006725167039742297 0.00000000099999999891 0.00000000099999999891 0.00000000099999999891 
0.00000000099999999730 0.00000000099999999730 0.00000000099999999730 0.00000000099999999730 0.00000000099999999730 0.00000000099999999730 0.00000000099999999730 0.00000000099999999730 0.00000000099999999730 0.00000000099999999730 0.00000000099999999730 0.00000000099999999730 0.63009750068771563924 0.00000000099999999730 0.00000000099999999730 0.05455054923594795241 0.00000000099999999730 0.00000000099999999730 0.15924410393178292655 0.15610782714455326281 0.00000000099999999730 0.00000000099999999730 0.00000000099999999730 
0.00000000099999999999 0.00644937444646887133 0.00000000099999999999 0.01406370333891758702 0.00000000099999999999 0.00189409693318598493 0.01208837455113718866 0.00890703197595864304 0.01492870716598661621 0.01058329529193702788 0.00655751468958649854 0.00571860143476530039 0.29655422177949419815 0.05038510176564334891 0.00158791534846312648 0.02075560690550869170 0.00293972705816175975 0.01024571283285829852 0.33581057887318277455 0.18836270425930540240 0.00388401795351088269 0.00190478658027511496 0.00637892381565282815 
0.00000000099999999999 0.00316596046920260710 0.00023367728102045233 0.01359081370580563289 0.00000000099999999999 0.00617660647114256101 0.01221150283379768275 0.00803037192604240391 0.01603030194438437306 0.01186085117881969728 0.00422432838093952066 0.00318050778815373060 0.00670564892981169187 0.04790643892135160870 0.00124213938413532442 0.00000000099999999999 0.00507073126434763859 0.01081439086815204863 0.44239710165455803370 0.39829290869069666758 0.00200261189896236164 0.00135544934347307387 0.00550765406520310145 
0.00000000099999999999 0.00697647243351794035 0.00000137101159743047 0.01666320236972413868 0.00000000099999999999 0.00281561076725712163 0.01612724032460599241 0.00845035423443639584 0.01734588479887210627 0.01480066782500674520 0.00850080969786979300 0.00572398690740391711 0.00224687097475789396 0.05781468820646310652 0.00360977202463873747 0.00000000099999999999 0.00535854714541020381 0.01395416815471503189 0.41359420341188174453 0.39321543909515821458 0.00260797090164377205 0.00205305647877055547 0.00813968023626920195 
0.44333134697277898351 0.00000000099999999891 0.00000000099999999891 0.00000000099999999891 0.00000000099999999891 0.00000000099999999891 0.00000000099999999891 0.00000000099999999891 0.00000000099999999891 0.00000000099999999891 0.00000000099999999891 0.00000000099999999891 0.15348829473595665407 0.00000000099999999891 0.00000000099999999891 0.14002248180866772032 0.00000000099999999891 0.00000000099999999891 0.00000000166969012907 0.26315785681290626563 0.00000000099999999891 0.00000000099999999891 0.00000000099999999891 
0.00000000099999999695 0.00000000099999999695 0.00000000099999999695 0.00000000099999999695 0.00000000099999999695 0.00000000099999999695 0.00000000099999999695 0.00000000099999999695 0.00000000099999999695 0.00000000099999999695 0.00000000099999999695 0.00000000099999999695 0.68109567009579874419 0.00000000099999999695 0.00000000099999999695 0.00000000099999999695 0.00000000099999999695 0.00000000099999999695 0.00000003736380768159 0.31890427254039344085 0.00000000099999999695 0.00000000099999999695 0.00000000099999999695 
0.00000000099999999718 0.00000000099999999718 0.00000000099999999718 0.00000000099999999718 0.00000000099999999718 0.00000000099999999718 0.00000000099999999718 0.00000000099999999718 0.00000000099999999718 0.00000000099999999718 0.00000000099999999718 0.00000000099999999718 0.69338307539415156011 0.00000000099999999718 0.00000000099999999718 0.00000000099999999718 0.00000000099999999718 0.00000000099999999718 0.00000144120892469945 0.30661546339692363761 0.00000000099999999718 0.00000000099999999718 0.00000000099999999718 
0.00000000099999999733 0.00000000099999999733 0.00000000099999999733 0.00000000099999999733 0.00000000099999999733 0.00000000099999999733 0.00000000099999999733 0.00000000099999999733 0.00000000099999999733 0.00000000099999999733 0.00000000099999999733 0.00000000099999999733 0.00000000101931386990 0.00000000099999999733 0.00000000099999999733 0.60035479062944352435 0.00000000099999999733 0.00000000099999999733 0.38565694575364922736 0.01398824359759336285 0.00000000099999999733 0.00000000099999999733 0.00000000099999999733 
0.00000000099999999717 0.00000000099999999717 0.00000000099999999717 0.00000000099999999717 0.00000000099999999717 0.00000000099999999717 0.00000000099999999717 0.00000000099999999717 0.00000000099999999717 0.00000000099999999717 0.00000000099999999717 0.00000000099999999717 0.00000000151518024640 0.00000000099999999717 0.00000000099999999717 0.60479839672007484896 0.00000000099999999717 0.00000000099999999717 0.37748560636703193394 0.01771597639771282234 0.00000000099999999717 0.00000000099999999717 0.00000000099999999717 
0.00000000099999999716 0.00000000099999999716 0.00000000099999999716 0.00000000099999999716 0.00000000099999999716 0.00000000099999999716 0.00000000099999999716 0.00000000099999999716 0.00000000099999999716 0.00000000099999999716 0.00000000099999999716 0.00000000099999999716 0.00000000813100784239 0.00000000099999999716 0.00000000099999999716 0.60372424618035180899 0.00000000099999999716 0.00000000099999999716 0.37767833521678240150 0.01859739147185794639 0.00000000099999999716 0.00000000099999999716 0.00000000099999999716 
0.00000000099999999716 0.00000000099999999716 0.00000000099999999716 0.00000000099999999716 0.00000000099999999716 0.00000000099999999716 0.00000000099999999716 0.00000000099999999716 0.00000000099999999716 0.00000000099999999716 0.00000000099999999716 0.00000000099999999716 0.00000000099999999716 0.00000000099999999716 0.00000000099999999716 0.51249357870772715984 0.00000000099999999716 0.00000000099999999716 0.48750640029227276795 0.00000000099999999716 0.00000000099999999716 0.00000000099999999716 0.00000000099999999716 
0.00000000099999999716 0.00000000099999999716 0.00000000099999999716 0.00000000099999999716 0.00000000099999999716 0.00000000099999999716 0.00000000099999999716 0.00000000099999999716 0.00000000099999999716 0.00000000099999999716 0.00000000099999999716 0.00000000099999999716 0.00000000099999999716 0.00000000099999999716 0.00000000099999999716 0.50994502468468261291 0.00000000099999999716 0.00000000099999999716 0.49005495431531731487 0.00000000099999999716 0.00000000099999999716 0.00000000099999999716 0.00000000099999999716 
0.00000000099999999738 0.00000000099999999738 0.00000000099999999738 0.00000000099999999738 0.00000000099999999738 0.00000000099999999738 0.00000000099999999738 0.00000000099999999738 0.00000000099999999738 0.00000000099999999738 0.00000000099999999738 0.00000000099999999738 0.00000000099999999738 0.00000000099999999738 0.00000000099999999738 0.53160352439689040338 0.00000000099999999738 0.00000000099999999738 0.46839645460310957992 0.00000000099999999738 0.00000000099999999738 0.00000000099999999738 0.00000000099999999738 
0.00000000099999999700 0.00000000099999999700 0.00000000099999999700 0.00000000099999999700 0.00000000099999999700 0.00000000099999999700 0.00000000099999999700 0.00000000099999999700 0.00000000099999999700 0.00000000099999999700 0.00000000099999999700 0.00000000099999999700 0.00000000099999999700 0.00000000099999999700 0.00000000099999999700 0.00000000099999999700 0.00000000099999999700 0.00000000099999999700 0.56938028504112636607 0.43061969395887339518 0.00000000099999999700 0.00000000099999999700 0.00000000099999999700 
0.00000000099999999711 0.00000000099999999711 0.00000000099999999711 0.00000000099999999711 0.00000000099999999711 0.00000000099999999711 0.00000000099999999711 0.00000000099999999711 0.00000000099999999711 0.00000000099999999711 0.00000000099999999711 0.00000000099999999711 0.73764123478124699052 0.00000000099999999711 0.00000000099999999711 0.00000000099999999711 0.00000000099999999711 0.00000000099999999711 0.00000626583122217929 0.26235247938753086805 0.00000000099999999711 0.00000000099999999711 0.00000000099999999711 
0.00000000099999999700 0.00000000099999999700 0.00000000099999999700 0.00000000099999999700 0.00000000099999999700 0.00000000099999999700 0.00000000099999999700 0.00000000099999999700 0.00000000099999999700 0.00000000099999999700 0.00000000099999999700 0.00000000099999999700 0.68319122409904164961 0.00000000099999999700 0.00000000099999999700 0.00000000099999999700 0.00000000099999999700 0.00000000099999999700 0.17114521657101372520 0.14566353932994466347 0.00000000099999999700 0.00000000099999999700 0.00000000099999999700 
0.00000000099999999688 0.00000000099999999688 0.00000000099999999688 0.00000000099999999688 0.00000000099999999688 0.00000000099999999688 0.00000000099999999688 0.00000000099999999688 0.00000000099999999688 0.00000000099999999688 0.00000000099999999688 0.00000000099999999688 0.82174588637775058952 0.00000000099999999688 0.00000000099999999688 0.00000000099999999688 0.00000000099999999688 0.00000000099999999688 0.08960113900545217669 0.08865295461679721656 0.00000000099999999688 0.00000000099999999688 0.00000000099999999688 
0.00000000099999999670 0.00000000099999999670 0.00000000099999999670 0.00000000099999999670 0.00000000099999999670 0.00000000099999999670 0.00000000099999999670 0.00000000099999999670 0.00000000099999999670 0.00000000099999999670 0.00000000099999999670 0.00000000099999999670 0.00000000099999999670 0.00000000099999999670 0.00000000099999999670 0.00000000099999999670 0.00000000099999999670 0.00000000099999999670 0.59950411975667106113 0.40049585924332875564 0.00000000099999999670 0.00000000099999999670 0.00000000099999999670 
0.00000000099999999688 0.00000000099999999688 0.00000000099999999688 0.00000000099999999688 0.00000000099999999688 0.00000000099999999688 0.00000000099999999688 0.00000000099999999688 0.00000000099999999688 0.00000000099999999688 0.00000000099999999688 0.00000000099999999688 0.35666448651084647903 0.00000000099999999688 0.00000000099999999688 0.00000000099999999688 0.00000000099999999688 0.00000000099999999688 0.30697869483639023125 0.33635679865276307821 0.00000000099999999688 0.00000000099999999688 0.00000000099999999688 
0.00000000099999999687 0.00000000099999999687 0.00000000099999999687 0.00000000099999999687 0.00000000099999999687 0.00000000099999999687 0.00000000099999999687 0.00000000099999999687 0.00000000099999999687 0.00000000099999999687 0.00000000099999999687 0.00000000099999999687 0.69211801495770353121 0.00000000099999999687 0.00000000099999999687 0.00000000099999999687 0.00000000099999999687 0.00000000099999999687 0.28653590985673837999 0.02134605518555811321 0.00000000099999999687 0.00000000099999999687 0.00000000099999999687 
0.00000000099999999693 0.00000000099999999693 0.00000000099999999693 0.00000000099999999693 0.00000000099999999693 0.00000000099999999693 0.00000000099999999693 0.00000000099999999693 0.00000000099999999693 0.00000000099999999693 0.00000000099999999693 0.00000000099999999693 0.70264978719620574399 0.00000000099999999693 0.00000000099999999693 0.00000000099999999693 0.00000000099999999693 0.00000000099999999693 0.18230869298055638050 0.11504149982323784440 0.00000000099999999693 0.00000000099999999693 0.00000000099999999693 
0.00000000099999999701 0.00000000099999999701 0.00000000099999999701 0.00000000099999999701 0.00000000099999999701 0.00000000099999999701 0.00000000099999999701 0.00000000099999999701 0.00000000099999999701 0.00000000099999999701 0.00000000099999999701 0.00000000099999999701 0.64574328044776596602 0.00000000099999999701 0.00000000099999999701 0.00000000099999999701 0.00000000099999999701 0.00000000099999999701 0.00000000099999999701 0.35425669855223401727 0.00000000099999999701 0.00000000099999999701 0.00000000099999999701 
0.00000000099999999684 0.00000000099999999684 0.00000000099999999684 0.00000000099999999684 0.00000000099999999684 0.00000000099999999684 0.00000000099999999684 0.00000000099999999684 0.00000000099999999684 0.00000000099999999684 0.00000000099999999684 0.00000000099999999684 0.71455421217692249858 0.00000000099999999684 0.00000000099999999684 0.00000000099999999684 0.00000000099999999684 0.00000000099999999684 0.13734252081964265502 0.14810324700343480142 0.00000000099999999684 0.00000000099999999684 0.00000000099999999684 
0.00000000099999999685 0.00000000099999999685 0.00000000099999999685 0.00000000099999999685 0.00000000099999999685 0.00000000099999999685 0.00000000099999999685 0.00000000099999999685 0.00000000099999999685 0.00000000099999999685 0.00000000099999999685 0.00000000099999999685 0.68326104984368152273 0.00000000099999999685 0.00000000099999999685 0.00000000099999999685 0.00000000099999999685 0.00000000099999999685 0.15879784676462549431 0.15794108339169285471 0.00000000099999999685 0.00000000099999999685 0.00000000099999999685 
0.00000000099999999703 0.00000000099999999703 0.00000000099999999703 0.00000000099999999703 0.00000000099999999703 0.00000000099999999703 0.00000000099999999703 0.00000000099999999703 0.00000000099999999703 0.00000000099999999703 0.00000000099999999703 0.00000000099999999703 0.66333599764429862500 0.00000000099999999703 0.00000000099999999703 0.00000000099999999703 0.00000000099999999703 0.00000000099999999703 0.14421516452194474422 0.19244881783375661355 0.00000000099999999703 0.00000000099999999703 0.00000000099999999703 
0.00000000099999999672 0.00000000099999999672 0.00000000099999999672 0.00000000099999999672 0.00000000099999999672 0.00000000099999999672 0.00000000099999999672 0.00000000099999999672 0.00000000099999999672 0.00000000099999999672 0.00000000099999999672 0.00000000099999999672 0.00000000099999999672 0.00000000099999999672 0.00000000099999999672 0.00000000099999999672 0.00000000099999999672 0.00000000099999999672 0.47569349969990143423 0.52430647930009843805 0.00000000099999999672 0.00000000099999999672 0.00000000099999999672 
0.00000000099999999718 0.00000000099999999718 0.00000000099999999718 0.00000000099999999718 0.00000000099999999718 0.00000000099999999718 0.00000000099999999718 0.00000000099999999718 0.00000000099999999718 0.00000000099999999718 0.00000000099999999718 0.00000000099999999718 0.00000000099999999718 0.00000000099999999718 0.00000000099999999718 0.48625063692881803634 0.00000000099999999718 0.00000000099999999718 0.51374934207118183593 0.00000000099999999718 0.00000000099999999718 0.00000000099999999718 0.00000000099999999718 
0.00000000099999999700 0.00000000099999999700 0.00000000099999999700 0.00000000099999999700 0.00000000099999999700 0.00000000099999999700 0.00000000099999999700 0.00000000099999999700 0.00000000099999999700 0.00000000099999999700 0.00000000099999999700 0.00000000099999999700 0.00000000099999999700 0.00000000099999999700 0.00000000099999999700 0.00000000099999999700 0.00000000099999999700 0.00000000099999999700 0.71173228243161001938 0.28826769656838979738 0.00000000099999999700 0.00000000099999999700 0.00000000099999999700 
0.00000000099999999701 0.00000000099999999701 0.00000000099999999701 0.00000000099999999701 0.00000000099999999701 0.00000000099999999701 0.00000000099999999701 0.00000000099999999701 0.00000000099999999701 0.00000000099999999701 0.00000000099999999701 0.00000000099999999701 0.69886994539683344740 0.00000000099999999701 0.00000000099999999701 0.00000000099999999701 0.00000000099999999701 0.00000000099999999701 0.08368195865917628373 0.21744807594399023776 0.00000000099999999701 0.00000000099999999701 0.00000000099999999701 
0.00000000099999999726 0.00000000099999999726 0.00000000099999999726 0.00000000099999999726 0.00000000099999999726 0.00000000099999999726 0.00000000099999999726 0.00000000099999999726 0.00000000099999999726 0.00000000099999999726 0.00000000099999999726 0.00000000099999999726 0.00000000099999999726 0.00000000099999999726 0.00000000099999999726 0.48649876652998430560 0.00000000099999999726 0.00000000099999999726 0.51350121247001556668 0.00000000099999999726 0.00000000099999999726 0.00000000099999999726 0.00000000099999999726 
0.00000000099999999699 0.00000000099999999699 0.00000000099999999699 0.00000000099999999699 0.00000000099999999699 0.00000000099999999699 0.00000000099999999699 0.00000000099999999699 0.00000000099999999699 0.00000000099999999699 0.00000000099999999699 0.00000000099999999699 0.40858785497843619350 0.00000000099999999699 0.00000000099999999699 0.00000000099999999699 0.00000000099999999699 0.00000000099999999699 0.26918583582860061698 0.32222628919296303351 0.00000000099999999699 0.00000000099999999699 0.00000000099999999699 
0.00000000099999999675 0.00000000099999999675 0.00000000099999999675 0.00000000099999999675 0.00000000099999999675 0.00000000099999999675 0.00000000099999999675 0.00000000099999999675 0.00000000099999999675 0.00000000099999999675 0.00000000099999999675 0.00000000099999999675 0.00000000099999999675 0.00000000099999999675 0.00000000099999999675 0.00000000099999999675 0.00000000099999999675 0.00000000099999999675 0.48661252508457247812 0.51338745391542728314 0.00000000099999999675 0.00000000099999999675 0.00000000099999999675 
0.00000000099999999713 0.00000000099999999713 0.00000000099999999713 0.00000000099999999713 0.00000000099999999713 0.00000000099999999713 0.00000000099999999713 0.00000000099999999713 0.00000000099999999713 0.00000000099999999713 0.00000000099999999713 0.00000000099999999713 0.00000000099999999713 0.00000000099999999713 0.00000000099999999713 0.00000000099999999713 0.00000000099999999713 0.00000000099999999713 0.15499631905129707121 0.84500365994870274555 0.00000000099999999713 0.00000000099999999713 0.00000000099999999713 
0.00000000099999999693 0.00000000099999999693 0.00000000099999999693 0.00000000099999999693 0.00000000099999999693 0.00000000099999999693 0.00000000099999999693 0.00000000099999999693 0.00000000099999999693 0.00000000099999999693 0.00000000099999999693 0.00000000099999999693 0.67967670905254917724 0.00000000099999999693 0.00000000099999999693 0.00000000099999999693 0.00000000099999999693 0.00000000099999999693 0.04314664275766853102 0.27717662818978239248 0.00000000099999999693 0.00000000099999999693 0.00000000099999999693 
0.00000000099999999692 0.00000000099999999692 0.00000000099999999692 0.00000000099999999692 0.00000000099999999692 0.00000000099999999692 0.00000000099999999692 0.00000000099999999692 0.00000000099999999692 0.00000000099999999692 0.00000000099999999692 0.00000000099999999692 0.42466967795663762564 0.00000000099999999692 0.00000000099999999692 0.00000000099999999692 0.00000000099999999692 0.00000000099999999692 0.31609117601036224032 0.25923912603299975599 0.00000000099999999692 0.00000000099999999692 0.00000000099999999692 
0.00000000099999999657 0.00000000099999999657 0.00000000099999999657 0.00000000099999999657 0.00000000099999999657 0.00000000099999999657 0.00000000099999999657 0.00000000099999999657 0.00000000099999999657 0.00000000099999999657 0.00000000099999999657 0.00000000099999999657 0.00000000099999999657 0.00000000099999999657 0.00000000099999999657 0.32205966400192653776 0.00000000099999999657 0.00000000099999999657 0.00000000099999999657 0.67794031499807305696 0.00000000099999999657 0.00000000099999999657 0.00000000099999999657 
0.00000000099999999707 0.00000000099999999707 0.00000000099999999707 0.00000000099999999707 0.00000000099999999707 0.00000000099999999707 0.00000000099999999707 0.00000000099999999707 0.00000000099999999707 0.00000000099999999707 0.00000000099999999707 0.00000000099999999707 0.67255780826086375424 0.00000000099999999707 0.00000000099999999707 0.00019582966515501365 0.00000000099999999707 0.00000000099999999707 0.09222908567957999182 0.23501725739440132434 0.00000000099999999707 0.00000000099999999707 0.00000000099999999707 
0.00000000099999999727 0.00000000099999999727 0.00000000099999999727 0.00000000099999999727 0.00000000099999999727 0.00000000099999999727 0.00000000099999999727 0.00000000099999999727 0.00000000099999999727 0.00000000099999999727 0.00000000099999999727 0.00000000099999999727 0.08981277001421640593 0.00000000099999999727 0.00000000099999999727 0.00917479002335167687 0.00000000099999999727 0.00000000099999999727 0.51897280513642007893 0.38203961582601164704 0.00000000099999999727 0.00000000099999999727 0.00000000099999999727 
0.00000000099999999666 0.00000000099999999666 0.00000000099999999666 0.00000000099999999666 0.00000000099999999666 0.00000000099999999666 0.00000000099999999666 0.00000000099999999666 0.00000000099999999666 0.00000000099999999666 0.00000000099999999666 0.00000000099999999666 0.00000000099999999666 0.00000000099999999666 0.00000000099999999666 0.00000000099999999666 0.00000000099999999666 0.00000000099999999666 0.66665136850612860542 0.33334861049387104481 0.00000000099999999666 0.00000000099999999666 0.00000000099999999666 
0.00000000099999999703 0.00000000099999999703 0.00000000099999999703 0.00000000099999999703 0.00000000099999999703 0.00000000099999999703 0.00000000099999999703 0.00000000099999999703 0.00000000099999999703 0.00000000099999999703 0.00000000099999999703 0.00000000099999999703 0.47586089199084541379 0.00000000099999999703 0.00000000099999999703 0.00000000099999999703 0.00000000099999999703 0.00000000099999999703 0.22967082932926891070 0.29446825867988540848 0.00000000099999999703 0.00000000099999999703 0.00000000099999999703 
0.00000000099999999692 0.00000000099999999692 0.00000000099999999692 0.00000000099999999692 0.00000000099999999692 0.00000000099999999692 0.00000000099999999692 0.00000000099999999692 0.00000000099999999692 0.00000000099999999692 0.00000000099999999692 0.00000000099999999692 0.68340495257700628606 0.00000000099999999692 0.00000000099999999692 0.00000000099999999692 0.00000000099999999692 0.00000000099999999692 0.10350464253630850542 0.21309038488668502476 0.00000000099999999692 0.00000000099999999692 0.00000000099999999692 
0.00000000099999999685 0.00000000099999999685 0.00000000099999999685 0.00000000099999999685 0.00000000099999999685 0.00000000099999999685 0.00000000099999999685 0.00000000099999999685 0.00000000099999999685 0.00000000099999999685 0.00000000099999999685 0.00000000099999999685 0.67234367996095967257 0.00000000099999999685 0.00000000099999999685 0.00000000099999999685 0.00000000099999999685 0.00000000099999999685 0.32765629623465775122 0.00000000380438261841 0.00000000099999999685 0.00000000099999999685 0.00000000099999999685 
0.00000000099999999721 0.00000000099999999721 0.00000000099999999721 0.00000000099999999721 0.00000000099999999721 0.00000000099999999721 0.00000000099999999721 0.00000000099999999721 0.00000000099999999721 0.00000000099999999721 0.00000000099999999721 0.00000000099999999721 0.00000000099999999721 0.00000000099999999721 0.00000000099999999721 0.44335570718338684904 0.00000000099999999721 0.00000000099999999721 0.55664427181661291222 0.00000000099999999721 0.00000000099999999721 0.00000000099999999721 0.00000000099999999721 
0.00000000099999999746 0.00000000099999999746 0.00000000099999999746 0.00000000099999999746 0.00000000099999999746 0.00000000099999999746 0.00000000099999999746 0.00000000099999999746 0.00000000099999999746 0.00000000099999999746 0.00000000099999999746 0.00000000099999999746 0.00000000099999999746 0.00000000099999999746 0.00000000099999999746 0.59837617696939515710 0.00000000099999999746 0.00000000099999999746 0.40162380203060465966 0.00000000099999999746 0.00000000099999999746 0.00000000099999999746 0.00000000099999999746 
0.00000000099999999692 0.00000000099999999692 0.00000000099999999692 0.00000000099999999692 0.00000000099999999692 0.00000000099999999692 0.00000000099999999692 0.00000000099999999692 0.00000000099999999692 0.00000000099999999692 0.00000000099999999692 0.00000000099999999692 0.00000018737695508935 0.00000000099999999692 0.00000000099999999692 0.36411809525702937274 0.00000000099999999692 0.00000000099999999692 0.00000000099999999692 0.63588169736601518611 0.00000000099999999692 0.00000000099999999692 0.00000000099999999692 
0.00000000099999999751 0.00000000099999999751 0.00000000099999999751 0.00000000099999999751 0.00000000099999999751 0.00000000099999999751 0.00000000099999999751 0.00000000099999999751 0.00000000099999999751 0.00000000099999999751 0.00000000099999999751 0.00000000099999999751 0.00000000099999999751 0.00000000099999999751 0.00000000099999999751 0.58646240504355862111 0.00000000099999999751 0.00000000099999999751 0.41243987467599729779 0.00109770028044408122 0.00000000099999999751 0.00000000099999999751 0.00000000099999999751 
0.00000000099999999670 0.00000000099999999670 0.00000000099999999670 0.00000000099999999670 0.00000000099999999670 0.00000000099999999670 0.00000000099999999670 0.00000000099999999670 0.00000000099999999670 0.00000000099999999670 0.00000000099999999670 0.00000000099999999670 0.00000000099999999670 0.00000000099999999670 0.00000000099999999670 0.36081551142831841394 0.00000000099999999670 0.00000000099999999670 0.00000000099999999670 0.63918446757168123629 0.00000000099999999670 0.00000000099999999670 0.00000000099999999670 
0.00000000099999999669 0.00000000099999999669 0.00000000099999999669 0.00000000099999999669 0.00000000099999999669 0.00000000099999999669 0.00000000099999999669 0.00000000099999999669 0.00000000099999999669 0.00000000099999999669 0.00000000099999999669 0.00000000099999999669 0.00000000099999999669 0.00000000099999999669 0.00000000099999999669 0.36971208775025232729 0.00000000099999999669 0.00000000099999999669 0.00000000099999999669 0.63028789124974726743 0.00000000099999999669 0.00000000099999999669 0.00000000099999999669 
0.00000000099999999687 0.00000000099999999687 0.00000000099999999687 0.00000000099999999687 0.00000000099999999687 0.00000000099999999687 0.00000000099999999687 0.00000000099999999687 0.00000000099999999687 0.00000000099999999687 0.00000000099999999687 0.00000000099999999687 0.13773154007293961221 0.00000000099999999687 0.00000000099999999687 0.27100640470990788877 0.00000000099999999687 0.00000000099999999687 0.00000000099999999687 0.59126203521715214873 0.00000000099999999687 0.00000000099999999687 0.00000000099999999687 
0.00000000099999999658 0.00000000099999999658 0.00000000099999999658 0.00000000099999999658 0.00000000099999999658 0.00000000099999999658 0.00000000099999999658 0.00000000099999999658 0.00000000099999999658 0.00000000099999999658 0.00000000099999999658 0.00000000099999999658 0.00000000099999999658 0.00000000099999999658 0.00000000099999999658 0.30766654759412143116 0.00000000099999999658 0.00000000099999999658 0.00000000099999999658 0.69233343140587821907 0.00000000099999999658 0.00000000099999999658 0.00000000099999999658 
0.00000000099999999671 0.00000000099999999671 0.00000000099999999671 0.00000000099999999671 0.00000000099999999671 0.00000000099999999671 0.00000000099999999671 0.00000000099999999671 0.00000000099999999671 0.00000000099999999671 0.00000000099999999671 0.00000000099999999671 0.00000000099999999671 0.00000000099999999671 0.00000000099999999671 0.36725646634574365956 0.00000000099999999671 0.00000000099999999671 0.00000000099999999671 0.63274351265425599067 0.00000000099999999671 0.00000000099999999671 0.00000000099999999671 
0.00000000099999999662 0.00000000099999999662 0.00000000099999999662 0.00000000099999999662 0.00000000099999999662 0.00000000099999999662 0.00000000099999999662 0.00000000099999999662 0.00000000099999999662 0.00000000099999999662 0.00000000099999999662 0.00000000099999999662 0.00000000099999999662 0.00000000099999999662 0.00000000099999999662 0.32297226316469962448 0.00000000099999999662 0.00000000099999999662 0.00000000099999999662 0.67702771583530008126 0.00000000099999999662 0.00000000099999999662 0.00000000099999999662 
0.00000000099999999678 0.00000000099999999678 0.00000000099999999678 0.00000000099999999678 0.00000000099999999678 0.00000000099999999678 0.00000000099999999678 0.00000000099999999678 0.00000000099999999678 0.00000000099999999678 0.00000000099999999678 0.00000000099999999678 0.00000000099999999678 0.00000000099999999678 0.00000000099999999678 0.36850982391196485111 0.00000000099999999678 0.00000000099999999678 0.00000000099999999678 0.63149015508803496566 0.00000000099999999678 0.00000000099999999678 0.00000000099999999678 
0.00000000099999999671 0.00000000099999999671 0.00000000099999999671 0.00000000099999999671 0.00000000099999999671 0.00000000099999999671 0.00000000099999999671 0.00000000099999999671 0.00000000099999999671 0.00000000099999999671 0.00000000099999999671 0.00000000099999999671 0.00000000099999999671 0.00000000099999999671 0.00000000099999999671 0.36434388695891017917 0.00000000099999999671 0.00000000099999999671 0.00000000099999999671 0.63565609204108952657 0.00000000099999999671 0.00000000099999999671 0.00000000099999999671 
0.00000000099999999696 0.00000000099999999696 0.00000000099999999696 0.00000000099999999696 0.00000000099999999696 0.00000000099999999696 0.00000000099999999696 0.00000000099999999696 0.00000000099999999696 0.00000000099999999696 0.00000000099999999696 0.00000000099999999696 0.00000000099999999696 0.00000000099999999696 0.00000000099999999696 0.37746620053223767233 0.00000000099999999696 0.00000000099999999696 0.00000000099999999696 0.62253377846776214444 0.00000000099999999696 0.00000000099999999696 0.00000000099999999696 
0.00000000099999999688 0.00000000099999999688 0.00000000099999999688 0.00000000099999999688 0.00000000099999999688 0.00000000099999999688 0.00000000099999999688 0.00000000099999999688 0.00000000099999999688 0.00000000099999999688 0.00000000099999999688 0.00000000099999999688 0.00000000582719747975 0.00000000099999999688 0.00000000099999999688 0.36553315486628118469 0.00000000099999999688 0.00000000099999999688 0.00000000099999999688 0.63446681930652115700 0.00000000099999999688 0.00000000099999999688 0.00000000099999999688 
0.00000000099999999670 0.00000000099999999670 0.00000000099999999670 0.00000000099999999670 0.00000000099999999670 0.00000000099999999670 0.00000000099999999670 0.00000000099999999670 0.00000000099999999670 0.00000000099999999670 0.00000000099999999670 0.00000000099999999670 0.00000000099999999670 0.00000000099999999670 0.00000000099999999670 0.36604368225361932909 0.00000000099999999670 0.00000000099999999670 0.00000000099999999670 0.63395629674638032114 0.00000000099999999670 0.00000000099999999670 0.00000000099999999670 
0.00000000099999999672 0.00000000099999999672 0.00000000099999999672 0.00000000099999999672 0.00000000099999999672 0.00000000099999999672 0.00000000099999999672 0.00000000099999999672 0.00000000099999999672 0.00000000099999999672 0.00000000099999999672 0.00000000099999999672 0.00000000099999999672 0.00000000099999999672 0.00000000099999999672 0.36609657926048794208 0.00000000099999999672 0.00000000099999999672 0.00000000099999999672 0.63390339973951170816 0.00000000099999999672 0.00000000099999999672 0.00000000099999999672 
0.00000000099999999688 0.00000000099999999688 0.00000000099999999688 0.00000000099999999688 0.00000000099999999688 0.00000000099999999688 0.00000000099999999688 0.00000000099999999688 0.00000000099999999688 0.00000000099999999688 0.00000000099999999688 0.00000000099999999688 0.00000007386107581095 0.00000000099999999688 0.00000000099999999688 0.36462154003277769121 0.00000000099999999688 0.00000000099999999688 0.00000000099999999688 0.63537836610614639721 0.00000000099999999688 0.00000000099999999688 0.00000000099999999688 
0.00000000099999999694 0.00000000099999999694 0.00000000099999999694 0.00000000099999999694 0.00000000099999999694 0.00000000099999999694 0.00000000099999999694 0.00000000099999999694 0.00000000099999999694 0.00000000099999999694 0.00000000099999999694 0.00000000099999999694 0.14553996241216696217 0.00000000099999999694 0.00000000099999999694 0.27879424467631780393 0.00000000099999999694 0.00000000099999999694 0.00000000099999999694 0.57566577291151510565 0.00000000099999999694 0.00000000099999999694 0.00000000099999999694 
0.00000000099999999673 0.00000000099999999673 0.00000000099999999673 0.00000000099999999673 0.00000000099999999673 0.00000000099999999673 0.00000000099999999673 0.00000000099999999673 0.00000000099999999673 0.00000000099999999673 0.00000000099999999673 0.00000000099999999673 0.00000000099999999673 0.00000000099999999673 0.00000000099999999673 0.36397391026371123113 0.00000000099999999673 0.00000000099999999673 0.00000000099999999673 0.63602606873628864115 0.00000000099999999673 0.00000000099999999673 0.00000000099999999673 
0.00000000099999999658 0.00000000099999999658 0.00000000099999999658 0.00000000099999999658 0.00000000099999999658 0.00000000099999999658 0.00000000099999999658 0.00000000099999999658 0.00000000099999999658 0.00000000099999999658 0.00000000099999999658 0.00000000099999999658 0.00000000099999999658 0.00000000099999999658 0.00000000099999999658 0.32346683490541111583 0.00000000099999999658 0.00000000099999999658 0.00000000099999999658 0.67653314409458864542 0.00000000099999999658 0.00000000099999999658 0.00000000099999999658 
0.00000000099999999659 0.00000000099999999659 0.00000000099999999659 0.00000000099999999659 0.00000000099999999659 0.00000000099999999659 0.00000000099999999659 0.00000000099999999659 0.00000000099999999659 0.00000000099999999659 0.00000000099999999659 0.00000000099999999659 0.00000000099999999659 0.00000000099999999659 0.00000000099999999659 0.31250605507020323692 0.00000000099999999659 0.00000000099999999659 0.00000000099999999659 0.68749392392979635780 0.00000000099999999659 0.00000000099999999659 0.00000000099999999659 
0.00000000099999999666 0.00000000099999999666 0.00000000099999999666 0.00000000099999999666 0.00000000099999999666 0.00000000099999999666 0.00000000099999999666 0.00000000099999999666 0.00000000099999999666 0.00000000099999999666 0.00000000099999999666 0.00000000099999999666 0.00000000099999999666 0.00000000099999999666 0.00000000099999999666 0.36613661250851919915 0.00000000099999999666 0.00000000099999999666 0.00000000099999999666 0.63386336649148056210 0.00000000099999999666 0.00000000099999999666 0.00000000099999999666 
