0.00000000099999999875 0.25804318122002167790 0.00000000099999999875 0.00000000099999999875 0.00000000099999999875 0.59919695981175224997 0.00000000099999999875 0.00000000099999999875 0.02126925949599491397 0.00000000099999999875 0.00000000099999999875 0.00000000099999999875 0.01219893395909274481 0.00000000099999999875 0.02335885717570706718 0.00000000099999999875 0.00000000099999999875 0.00000000099999999875 0.00000000099999999875 0.00000000099999999875 0.00000000099999999875 0.00000000099999999875 0.00000000099999999875 0.00000000099999999875 0.00000000099999999875 0.00000000099999999875 0.00000000099999999875 0.00000000099999999875 0.08593278533743163583 
0.00000000099999999877 0.01314952517185743672 0.00000000099999999877 0.00000000099999999877 0.00000000099999999877 0.00000000099999999877 0.00000000099999999877 0.00000000099999999877 0.08131777655523418635 0.00000000099999999877 0.00000000099999999877 0.00000000099999999877 0.15489292426083067777 0.00000000099999999877 0.12724126125324702885 0.00000000099999999877 0.00000000099999999877 0.03491156362463861823 0.00000000099999999877 0.00000000099999999877 0.00000000099999999877 0.00000000099999999877 0.00000000099999999877 0.00000000099999999877 0.00000000099999999877 0.00000000099999999877 0.00000000099999999877 0.58848692613419162356 0.00000000099999999877 
0.00000000099999999595 0.00000000099999999595 0.00000000099999999595 0.00000000099999999595 0.00000000099999999595 0.00000000099999999595 0.00000000099999999595 0.00000000099999999595 0.00000000099999999595 0.00000000099999999595 0.00000000099999999595 0.00000000099999999595 0.00000000099999999595 0.00000000099999999595 0.00000000099999999595 0.00000000099999999595 0.00000000099999999595 0.00000000099999999595 0.99999997199999979269 0.00000000099999999595 0.00000000099999999595 0.00000000099999999595 0.00000000099999999595 0.00000000099999999595 0.00000000099999999595 0.00000000099999999595 0.00000000099999999595 0.00000000099999999595 0.00000000099999999595 
0.00000000099999999598 0.00000000099999999598 0.00000000099999999598 0.00000000099999999598 0.00000000099999999598 0.00000000099999999598 0.00000000099999999598 0.00000000099999999598 0.00000000099999999598 0.00000000099999999598 0.00000000099999999598 0.00000000099999999598 0.00000000099999999598 0.00000000099999999598 0.00000000099999999598 0.99999997199999990372 0.00000000099999999598 0.00000000099999999598 0.00000000099999999598 0.00000000099999999598 0.00000000099999999598 0.00000000099999999598 0.00000000099999999598 0.00000000099999999598 0.00000000099999999598 0.00000000099999999598 0.00000000099999999598 0.00000000099999999598 0.00000000099999999598 
0.00000000099999999564 0.00000000099999999564 0.00000000099999999564 0.99999997200000034780 0.00000000099999999564 0.00000000099999999564 0.00000000099999999564 0.00000000099999999564 0.00000000099999999564 0.00000000099999999564 0.00000000099999999564 0.00000000099999999564 0.00000000099999999564 0.00000000099999999564 0.00000000099999999564 0.00000000099999999564 0.00000000099999999564 0.00000000099999999564 0.00000000099999999564 0.00000000099999999564 0.00000000099999999564 0.00000000099999999564 0.00000000099999999564 0.00000000099999999564 0.00000000099999999564 0.00000000099999999564 0.00000000099999999564 0.00000000099999999564 0.00000000099999999564 
0.00000000099999999942 0.00000000099999999942 0.00000000099999999942 0.09625942093909008179 0.59387478867639820201 0.00000000099999999942 0.00000000099999999942 0.00000000099999999942 0.00000000099999999942 0.00000000099999999942 0.00000000099999999942 0.00000000099999999942 0.00000000099999999942 0.00000000099999999942 0.16794917815576987374 0.00000000099999999942 0.00000000099999999942 0.00000000099999999942 0.00000000099999999942 0.00000000099999999942 0.00000000099999999942 0.00000000099999999942 0.14191658722874236909 0.00000000099999999942 0.00000000099999999942 0.00000000099999999942 0.00000000099999999942 0.00000000099999999942 0.00000000099999999942 
0.00000000099999999639 0.00000000099999999639 0.00000000099999999639 0.00000000099999999639 0.00000000099999999639 0.00000000099999999639 0.00000000099999999639 0.00000000099999999639 0.00000000099999999639 0.00000000099999999639 0.99999997200000012576 0.00000000099999999639 0.00000000099999999639 0.00000000099999999639 0.00000000099999999639 0.00000000099999999639 0.00000000099999999639 0.00000000099999999639 0.00000000099999999639 0.00000000099999999639 0.00000000099999999639 0.00000000099999999639 0.00000000099999999639 0.00000000099999999639 0.00000000099999999639 0.00000000099999999639 0.00000000099999999639 0.00000000099999999639 0.00000000099999999639 
0.01838559971366573662 0.00000000099999999983 0.05001413191640351891 0.01583160010932940787 0.05291191097803199517 0.00000000099999999983 0.01432214148662505279 0.10369729293023348393 0.00000000099999999983 0.09439422360063662309 0.00000000099999999983 0.02415060092509088013 0.00000000099999999983 0.29504849158789148156 0.00000000099999999983 0.00000000099999999983 0.07282111610019197101 0.00000000099999999983 0.00000000099999999983 0.01183422793924487036 0.01750689211348988028 0.00000000099999999983 0.00000000099999999983 0.02289910624678642703 0.00000000099999999983 0.18739423505049138119 0.01878841530188745876 0.00000000099999999983 0.00000000099999999983 
0.00000000099999999884 0.00000000099999999884 0.00000000099999999884 0.00000000099999999884 0.00000000099999999884 0.00000000099999999884 0.00000000099999999884 0.00000000099999999884 0.09214319344986640625 0.00000000099999999884 0.00000000099999999884 0.00000000099999999884 0.32203426479861219089 0.00000000099999999884 0.05526004439081761560 0.00000000099999999884 0.00000000099999999884 0.00000000099999999884 0.53056247236070375184 0.00000000099999999884 0.00000000099999999884 0.00000000099999999884 0.00000000099999999884 0.00000000099999999884 0.00000000099999999884 0.00000000099999999884 0.00000000099999999884 0.00000000099999999884 0.00000000099999999884 
0.00000000099999999552 0.00000000099999999552 0.00000000099999999552 0.00000000099999999552 0.00000000099999999552 0.00000000099999999552 0.00000000099999999552 0.00000000099999999552 0.00000000099999999552 0.00000000099999999552 0.00000000099999999552 0.99999997200000012576 0.00000000099999999552 0.00000000099999999552 0.00000000099999999552 0.00000000099999999552 0.00000000099999999552 0.00000000099999999552 0.00000000099999999552 0.00000000099999999552 0.00000000099999999552 0.00000000099999999552 0.00000000099999999552 0.00000000099999999552 0.00000000099999999552 0.00000000099999999552 0.00000000099999999552 0.00000000099999999552 0.00000000099999999552 
0.00000000099999999871 0.00000000099999999871 0.00000000099999999871 0.00000000099999999871 0.00000000099999999871 0.00000000099999999871 0.00000000099999999871 0.00000000099999999871 0.06571138262729910029 0.00000000099999999871 0.00000000099999999871 0.00000000099999999871 0.09357525651191835048 0.00000000099999999871 0.14171218897712947737 0.35667629710418941036 0.00000000099999999871 0.28227759503620886150 0.00000000099999999871 0.00000000099999999871 0.00000000099999999871 0.00000000099999999871 0.00000000099999999871 0.00000000099999999871 0.00000000099999999871 0.00000000099999999871 0.00000000099999999871 0.00000000099999999871 0.06004725674325508966 
0.00000000099999999687 0.02940445262197082660 0.00000000099999999687 0.00000000099999999687 0.00000000099999999687 0.00000000099999999687 0.00000000099999999687 0.00000000099999999687 0.15957719002761910909 0.00000000099999999687 0.00000000099999999687 0.00000000099999999687 0.00000000099999999687 0.00000000099999999687 0.25795610377362643284 0.00000000099999999687 0.00000000099999999687 0.41837232443982708130 0.00000000099999999687 0.00000000099999999687 0.00000000099999999687 0.00000000099999999687 0.00000000099999999687 0.00000000099999999687 0.00000000099999999687 0.00000000099999999687 0.00000000099999999687 0.00000000099999999687 0.13468990513695683342 
0.00645184268459075838 0.00584278055891849449 0.00653871543472752878 0.00213222662637912140 0.02164966486758240077 0.00890591463932373893 0.00233352653975743432 0.00000000099999999999 0.29061801168150236396 0.00167706905266136637 0.00134845678127709927 0.00247059164596078167 0.22815729658527628132 0.05264328288977306036 0.03536805891607061603 0.00000000099999999999 0.00434683805017472159 0.16466904704827559081 0.00881257813262205369 0.00000000099999999999 0.00205790683249396176 0.00600776073661063014 0.12427139299153565355 0.00650197344252480096 0.00879763363944755655 0.00637243924684809636 0.00000000099999999999 0.00202498597566595512 0.00000000099999999999 
0.00669976933721372087 0.00000000099999999997 0.00597188308939903927 0.00000000099999999997 0.01960812477222657890 0.00955975812254442926 0.00407721306178527448 0.00000000099999999997 0.27126162942634934883 0.00000000099999999997 0.00139059953732947493 0.00065451124216725032 0.44320667290113974213 0.05265801566714604226 0.12817674938564299625 0.00000000099999999997 0.00371398076686370576 0.01324543211069098905 0.00936225338544209758 0.00091224726989439409 0.00651767822761873707 0.00313189507806851128 0.00000000099999999997 0.00715704278993603994 0.00830286700662458653 0.00320221014994670657 0.00000000099999999997 0.00118945867197030016 0.00000000099999999997 
0.00697820626533882018 0.00000000099999999997 0.00862358493811810067 0.00114208047256727672 0.02391797866266460668 0.01193761618041676645 0.00437069037586249303 0.00000000099999999997 0.11013832850572995159 0.00110631961479438091 0.00000000099999999997 0.00000000099999999997 0.68323855416114764871 0.06809787954094724538 0.00000000099999999997 0.00000000099999999997 0.00665653290437689688 0.00000446595982049855 0.01242899963240019778 0.00000000099999999997 0.00278301230727812142 0.00629165280004794804 0.02450535572685487440 0.00985541707033845034 0.00877469471593269636 0.00701316537356723620 0.00038904880962946202 0.00174640798216646399 0.00000000099999999997 
0.00000000099999999893 0.01181196667168316929 0.00000000099999999893 0.00000000099999999893 0.00000000099999999893 0.00000000099999999893 0.00000000099999999893 0.00000000099999999893 0.00000000099999999893 0.00000000099999999893 0.00000000099999999893 0.00000000099999999893 0.02171384449045619600 0.00000000099999999893 0.23211954008315535680 0.00000000099999999893 0.44592990164743634418 0.02125547214271254412 0.00000000099999999893 0.00000000099999999893 0.00000000099999999893 0.00000000099999999893 0.24987993439534308959 0.00000000099999999893 0.00000000099999999893 0.00000000099999999893 0.00000000099999999893 0.00000000099999999893 0.01728931856921363600 
0.00000000099999999639 0.00000000099999999639 0.00000000099999999639 0.00000000099999999639 0.00000000099999999639 0.00000000099999999639 0.00000000099999999639 0.00000000099999999639 0.00000000099999999639 0.00000000099999999639 0.00000000099999999639 0.00000000099999999639 0.29773781722778480674 0.00000000099999999639 0.12784250353083922991 0.00000000099999999639 0.00000000099999999639 0.32657252569168115919 0.00000000099999999639 0.00000000099999999639 0.00000000099999999639 0.00000000099999999639 0.00000000099999999639 0.00000000099999999639 0.00000000099999999639 0.00000000099999999639 0.00000000099999999639 0.00000000099999999639 0.24784712854969503937 
0.00000000099999999661 0.00000000099999999661 0.00000000099999999661 0.00000000099999999661 0.00000000099999999661 0.00000000099999999661 0.00000000099999999661 0.00000000099999999661 0.27276346794338662827 0.00000000099999999661 0.00000000099999999661 0.00000000099999999661 0.07565448004457922537 0.00000000099999999661 0.07838247968351914896 0.00000000099999999661 0.00000000099999999661 0.16667080042257567674 0.00000000099999999661 0.00000000099999999661 0.00000000099999999661 0.00000000099999999661 0.07271653814917965197 0.00000000099999999661 0.00000000099999999661 0.00000000099999999661 0.00000000099999999661 0.00000000099999999661 0.33381221075675981957 
0.00000000099999999675 0.44929962583930949105 0.00000000099999999675 0.00000000099999999675 0.00000000099999999675 0.00000000099999999675 0.00000000099999999675 0.00000000099999999675 0.19835157763253696839 0.00000000099999999675 0.00000000099999999675 0.00000000099999999675 0.00000000099999999675 0.00000000099999999675 0.00000000099999999675 0.00000000099999999675 0.00000000099999999675 0.00000000099999999675 0.00000000099999999675 0.00000000099999999675 0.00000000099999999675 0.00000000099999999675 0.00000000099999999675 0.00000000099999999675 0.00000000099999999675 0.00000000099999999675 0.00000000099999999675 0.00000000099999999675 0.35234877052815399834 
0.00000000099999999655 0.45211049472502617963 0.00000000099999999655 0.00000000099999999655 0.00000000099999999655 0.00000000099999999655 0.00000000099999999655 0.00000000099999999655 0.19437080180839416688 0.00000000099999999655 0.00000000099999999655 0.00000000099999999655 0.00000000099999999655 0.00000000099999999655 0.00017031061584033363 0.00000000099999999655 0.00000000099999999655 0.00000000099999999655 0.00000000099999999655 0.00000000099999999655 0.00000000099999999655 0.00000000099999999655 0.00000000099999999655 0.00000000099999999655 0.00000000099999999655 0.00000000099999999655 0.00000000099999999655 0.00000000099999999655 0.35334836785073969745 
0.00000000099999999654 0.45241182161121840100 0.00000000099999999654 0.00000000099999999654 0.00000000099999999654 0.00000000099999999654 0.00000000099999999654 0.00000000099999999654 0.19343210511680020147 0.00000000099999999654 0.00000000099999999654 0.00000000099999999654 0.00000000099999999654 0.00000000099999999654 0.00029031887687539030 0.00000000099999999654 0.00000000099999999654 0.00000000099999999654 0.00000000099999999654 0.00000000099999999654 0.00000000099999999654 0.00000000099999999654 0.00000000099999999654 0.00000000099999999654 0.00000000099999999654 0.00000000099999999654 0.00000000099999999654 0.00000000099999999654 0.35386572939510640978 
0.00000000099999999661 0.71322968450829760112 0.00000000099999999661 0.00000000099999999661 0.00000000099999999661 0.00000000099999999661 0.00000000099999999661 0.00000000099999999661 0.00000000099999999661 0.00000000099999999661 0.00000000099999999661 0.00000000099999999661 0.01487806604495371492 0.00000000099999999661 0.11856542220957259903 0.00000000099999999661 0.00000000099999999661 0.15332680223717654044 0.00000000099999999661 0.00000000099999999661 0.00000000099999999661 0.00000000099999999661 0.00000000099999999661 0.00000000099999999661 0.00000000099999999661 0.00000000099999999661 0.00000000099999999661 0.00000000099999999661 0.00000000099999999661 
0.00000000099999999659 0.71253025115949986112 0.00000000099999999659 0.00000000099999999659 0.00000000099999999659 0.00000000099999999659 0.00000000099999999659 0.00000000099999999659 0.00000000099999999659 0.00000000099999999659 0.00000000099999999659 0.00000000099999999659 0.01857738385865379330 0.00000000099999999659 0.11658017379636037569 0.00000000099999999659 0.00000000099999999659 0.15231216618548631958 0.00000000099999999659 0.00000000099999999659 0.00000000099999999659 0.00000000099999999659 0.00000000099999999659 0.00000000099999999659 0.00000000099999999659 0.00000000099999999659 0.00000000099999999659 0.00000000099999999659 0.00000000099999999659 
0.00000000099999999680 0.57618976852403480660 0.00000000099999999680 0.00000000099999999680 0.00000000099999999680 0.00000000099999999680 0.00000000099999999680 0.00000000099999999680 0.00000000099999999680 0.00000000099999999680 0.00000000099999999680 0.00000000099999999680 0.28221496612849628072 0.00000000099999999680 0.00000000099999999680 0.00000000099999999680 0.00000000099999999680 0.01596967524052232343 0.00000000099999999680 0.00000000099999999680 0.00000000099999999680 0.00000000099999999680 0.02045658753987149997 0.00000000099999999680 0.00000000099999999680 0.00000000099999999680 0.00000000099999999680 0.00000000099999999680 0.10516897856707589642 
0.00000000099999999660 0.00000000099999999660 0.00000000099999999660 0.00000000099999999660 0.00000000099999999660 0.00000000099999999660 0.00000000099999999660 0.00000000099999999660 0.31985344258792480776 0.00000000099999999660 0.00000000099999999660 0.00000000099999999660 0.45783580598215833923 0.00000000099999999660 0.22231072542991700547 0.00000000099999999660 0.00000000099999999660 0.00000000099999999660 0.00000000099999999660 0.00000000099999999660 0.00000000099999999660 0.00000000099999999660 0.00000000099999999660 0.00000000099999999660 0.00000000099999999660 0.00000000099999999660 0.00000000099999999660 0.00000000099999999660 0.00000000099999999660 
0.00000000099999999658 0.00000000099999999658 0.00000000099999999658 0.00000000099999999658 0.00000000099999999658 0.00000000099999999658 0.00000000099999999658 0.00000000099999999658 0.22747984173662039176 0.00000000099999999658 0.00000000099999999658 0.00000000099999999658 0.01965195304634073312 0.00000000099999999658 0.16378193945211849680 0.00000000099999999658 0.00000000099999999658 0.29910627765455521931 0.00000000099999999658 0.00000000099999999658 0.00000000099999999658 0.00000000099999999658 0.00000000099999999658 0.00000000099999999658 0.00000000099999999658 0.00000000099999999658 0.00000000099999999658 0.00000000099999999658 0.28997996411036552900 
0.00000000099999999648 0.00000000099999999648 0.00000000099999999648 0.00000000099999999648 0.00000000099999999648 0.00000000099999999648 0.00000000099999999648 0.00000000099999999648 0.31846247787988801736 0.00000000099999999648 0.00000000099999999648 0.00000000099999999648 0.00000000099999999648 0.00000000099999999648 0.12863063777418309863 0.00000000099999999648 0.00000000099999999648 0.37243343402515693974 0.00000000099999999648 0.00000000099999999648 0.00000000099999999648 0.00000000099999999648 0.00000000099999999648 0.00000000099999999648 0.00000000099999999648 0.00000000099999999648 0.00000000099999999648 0.00000000099999999648 0.18047342532077206845 
0.00000000099999999627 0.00000000099999999627 0.00000000099999999627 0.00000000099999999627 0.00000000099999999627 0.00000000099999999627 0.00000000099999999627 0.00000000099999999627 0.00000000099999999627 0.00000000099999999627 0.00000000099999999627 0.00000000099999999627 0.30276850535005811471 0.00000000099999999627 0.00000000099999999627 0.00000000099999999627 0.00000000099999999627 0.47727765823155621217 0.00000000099999999627 0.00000000099999999627 0.00000000099999999627 0.00000000099999999627 0.02799572691302134805 0.00000000099999999627 0.00000000099999999627 0.00000000099999999627 0.00000000099999999627 0.00000000099999999627 0.19195808450536444578 
0.00000000099999999600 0.00000000099999999600 0.00000000099999999600 0.00000000099999999600 0.00000000099999999600 0.00000000099999999600 0.00000000099999999600 0.00000000099999999600 0.49393576566685121199 0.00000000099999999600 0.00000000099999999600 0.00000000099999999600 0.50606420733314882998 0.00000000099999999600 0.00000000099999999600 0.00000000099999999600 0.00000000099999999600 0.00000000099999999600 0.00000000099999999600 0.00000000099999999600 0.00000000099999999600 0.00000000099999999600 0.00000000099999999600 0.00000000099999999600 0.00000000099999999600 0.00000000099999999600 0.00000000099999999600 0.00000000099999999600 0.00000000099999999600 
0.00000000099999999644 0.00000000099999999644 0.00000000099999999644 0.00000000099999999644 0.00000000099999999644 0.00000000099999999644 0.00000000099999999644 0.00000000099999999644 0.11601595440603953979 0.00000000099999999644 0.00000000099999999644 0.00000000099999999644 0.45499720106379404339 0.00000000099999999644 0.08467159010934263708 0.00000000099999999644 0.00000000099999999644 0.27785188152418827112 0.00000000099999999644 0.00000000099999999644 0.00000000099999999644 0.00000000099999999644 0.00000000099999999644 0.00000000099999999644 0.00000000099999999644 0.00000000099999999644 0.00000000099999999644 0.00000000099999999644 0.06646334889663595147 
0.00000000099999999628 0.00000000099999999628 0.00000000099999999628 0.00000000099999999628 0.00000000099999999628 0.00000000099999999628 0.00000000099999999628 0.00000000099999999628 0.02842831788303324531 0.00000000099999999628 0.00000000099999999628 0.00000000099999999628 0.00000000099999999628 0.00000000099999999628 0.30321038492248908458 0.00000000099999999628 0.00000000099999999628 0.66836127119447763523 0.00000000099999999628 0.00000000099999999628 0.00000000099999999628 0.00000000099999999628 0.00000000099999999628 0.00000000099999999628 0.00000000099999999628 0.00000000099999999628 0.00000000099999999628 0.00000000099999999628 0.00000000099999999628 
0.00000000099999999644 0.00000000099999999644 0.00000000099999999644 0.00000000099999999644 0.00000000099999999644 0.00000000099999999644 0.00000000099999999644 0.00000000099999999644 0.15684557966836584764 0.00000000099999999644 0.00000000099999999644 0.00000000099999999644 0.21553328734648874443 0.00000000099999999644 0.00000000099999999644 0.00000000099999999644 0.00000000099999999644 0.42317098371406752788 0.00000000099999999644 0.00000000099999999644 0.00000000099999999644 0.00000000099999999644 0.00000000099999999644 0.00000000099999999644 0.00000000099999999644 0.00000000099999999644 0.00000000099999999644 0.00000000099999999644 0.20445012427107811526 
0.00000000099999999657 0.00000000099999999657 0.00000000099999999657 0.00000000099999999657 0.00000000099999999657 0.00000000099999999657 0.00000000099999999657 0.00000000099999999657 0.05628496765163701343 0.00000000099999999657 0.00000000099999999657 0.00000000099999999657 0.12734420353484471322 0.00000000099999999657 0.26047129695078752309 0.00000000099999999657 0.00000000099999999657 0.30654077579739152926 0.00000000099999999657 0.00000000099999999657 0.00000000099999999657 0.00000000099999999657 0.00000000099999999657 0.00000000099999999657 0.00000000099999999657 0.00000000099999999657 0.00000000099999999657 0.00000000099999999657 0.24935873206533945567 
0.00000000099999999635 0.00000000099999999635 0.00000000099999999635 0.00000000099999999635 0.00000000099999999635 0.00000000099999999635 0.00000000099999999635 0.00000000099999999635 0.13007008907826717037 0.00000000099999999635 0.00000000099999999635 0.00000000099999999635 0.00000000099999999635 0.00000000099999999635 0.31047004764954666545 0.00000000099999999635 0.00000000099999999635 0.51486538198751685691 0.00000000099999999635 0.00000000099999999635 0.00000000099999999635 0.00000000099999999635 0.00000000099999999635 0.00000000099999999635 0.00000000099999999635 0.00000000099999999635 0.00000000099999999635 0.00000000099999999635 0.04459445628466959799 
0.00000000099999999631 0.00000000099999999631 0.00000000099999999631 0.00000000099999999631 0.00000000099999999631 0.00000000099999999631 0.00000000099999999631 0.00000000099999999631 0.00000000099999999631 0.00000000099999999631 0.00000000099999999631 0.00000000099999999631 0.00000000099999999631 0.00000000099999999631 0.40479811342293847698 0.00000000099999999631 0.00000000099999999631 0.59520185957706150948 0.00000000099999999631 0.00000000099999999631 0.00000000099999999631 0.00000000099999999631 0.00000000099999999631 0.00000000099999999631 0.00000000099999999631 0.00000000099999999631 0.00000000099999999631 0.00000000099999999631 0.00000000099999999631 
0.00000000099999999652 0.00000000099999999652 0.00000000099999999652 0.00000000099999999652 0.00000000099999999652 0.00000000099999999652 0.00000000099999999652 0.00000000099999999652 0.25727902505046224002 0.00000000099999999652 0.00000000099999999652 0.00000000099999999652 0.07435500540550339654 0.00000000099999999652 0.10464309492074941321 0.00000000099999999652 0.00000000099999999652 0.31034378224580966288 0.00000000099999999652 0.00000000099999999652 0.00000000099999999652 0.00000000099999999652 0.00000000099999999652 0.00000000099999999652 0.00000000099999999652 0.00000000099999999652 0.00000000099999999652 0.00000000099999999652 0.25337906837747553590 
0.00000000099999999616 0.00000000099999999616 0.00000000099999999616 0.00000000099999999616 0.00000000099999999616 0.00000000099999999616 0.00000000099999999616 0.00000000099999999616 0.23654648579714865342 0.00000000099999999616 0.00000000099999999616 0.00000000099999999616 0.70216277732487675234 0.00000000099999999616 0.06129071087797473283 0.00000000099999999616 0.00000000099999999616 0.00000000099999999616 0.00000000099999999616 0.00000000099999999616 0.00000000099999999616 0.00000000099999999616 0.00000000099999999616 0.00000000099999999616 0.00000000099999999616 0.00000000099999999616 0.00000000099999999616 0.00000000099999999616 0.00000000099999999616 
0.00000000099999999662 0.68988267746051568086 0.00000000099999999662 0.00000000099999999662 0.00000000099999999662 0.00000000099999999662 0.00000000099999999662 0.00000000099999999662 0.16676607898482476156 0.00000000099999999662 0.00000000099999999662 0.00000000099999999662 0.00000000099999999662 0.00000000099999999662 0.09386727713999144795 0.00000000099999999662 0.00000000099999999662 0.04948394141466849749 0.00000000099999999662 0.00000000099999999662 0.00000000099999999662 0.00000000099999999662 0.00000000099999999662 0.00000000099999999662 0.00000000099999999662 0.00000000099999999662 0.00000000099999999662 0.00000000099999999662 0.00000000099999999662 
0.00000000099999999651 0.00000000099999999651 0.00000000099999999651 0.00000000099999999651 0.00000000099999999651 0.00000000099999999651 0.00000000099999999651 0.00000000099999999651 0.56538431441439085390 0.00000000099999999651 0.00000000099999999651 0.00000000099999999651 0.43461565858560946563 0.00000000099999999651 0.00000000099999999651 0.00000000099999999651 0.00000000099999999651 0.00000000099999999651 0.00000000099999999651 0.00000000099999999651 0.00000000099999999651 0.00000000099999999651 0.00000000099999999651 0.00000000099999999651 0.00000000099999999651 0.00000000099999999651 0.00000000099999999651 0.00000000099999999651 0.00000000099999999651 
0.00000000099999999648 0.00000000099999999648 0.00000000099999999648 0.00000000099999999648 0.00000000099999999648 0.00000000099999999648 0.00000000099999999648 0.00000000099999999648 0.21441023624894384181 0.00000000099999999648 0.00000000099999999648 0.00000000099999999648 0.08255154843642034668 0.00000000099999999648 0.10073300748633366719 0.00000000099999999648 0.00000000099999999648 0.29649525826398132056 0.00000000099999999648 0.00000000099999999648 0.00000000099999999648 0.00000000099999999648 0.00523826640454673215 0.00000000099999999648 0.00000000099999999648 0.00000000099999999648 0.00000000099999999648 0.00000000099999999648 0.30057166015977415663 
0.00000000099999999659 0.74452168892711456660 0.00000000099999999659 0.00000000099999999659 0.00000000099999999659 0.00000000099999999659 0.00000000099999999659 0.00000000099999999659 0.00000000099999999659 0.00000000099999999659 0.00000000099999999659 0.00000000099999999659 0.13813719998892368124 0.00000000099999999659 0.04489649491577281382 0.00000000099999999659 0.00000000099999999659 0.07244459116818938171 0.00000000099999999659 0.00000000099999999659 0.00000000099999999659 0.00000000099999999659 0.00000000099999999659 0.00000000099999999659 0.00000000099999999659 0.00000000099999999659 0.00000000099999999659 0.00000000099999999659 0.00000000099999999659 
0.00000000099999999654 0.00000000099999999654 0.00000000099999999654 0.00000000099999999654 0.00000000099999999654 0.00000000099999999654 0.00000000099999999654 0.00000000099999999654 0.19850899802742349998 0.00000000099999999654 0.00000000099999999654 0.00000000099999999654 0.27730099270159458413 0.00000000099999999654 0.17143304879063803181 0.00000000099999999654 0.00000000099999999654 0.24093231666289185999 0.00000000099999999654 0.00000000099999999654 0.00000000099999999654 0.00000000099999999654 0.03562289822580640142 0.00000000099999999654 0.00000000099999999654 0.00000000099999999654 0.00000000099999999654 0.00000000099999999654 0.07620172259164598172 
0.00000000099999999616 0.00000000099999999616 0.00000000099999999616 0.00000000099999999616 0.00000000099999999616 0.00000000099999999616 0.00000000099999999616 0.00000000099999999616 0.33071891282066118167 0.00000000099999999616 0.00000000099999999616 0.00000000099999999616 0.55819699843731251931 0.00000000099999999616 0.11108406274202622943 0.00000000099999999616 0.00000000099999999616 0.00000000099999999616 0.00000000099999999616 0.00000000099999999616 0.00000000099999999616 0.00000000099999999616 0.00000000099999999616 0.00000000099999999616 0.00000000099999999616 0.00000000099999999616 0.00000000099999999616 0.00000000099999999616 0.00000000099999999616 
0.00000000099999999655 0.00000000099999999655 0.00000000099999999655 0.00000000099999999655 0.00000000099999999655 0.00000000099999999655 0.00000000099999999655 0.00000000099999999655 0.05518347697921400369 0.00000000099999999655 0.00000000099999999655 0.00000000099999999655 0.36512120137439940670 0.00000000099999999655 0.41395906516190950075 0.00000000099999999655 0.00000000099999999655 0.00000000099999999655 0.00000000099999999655 0.00000000099999999655 0.00000000099999999655 0.00000000099999999655 0.16573623148447713671 0.00000000099999999655 0.00000000099999999655 0.00000000099999999655 0.00000000099999999655 0.00000000099999999655 0.00000000099999999655 
0.00000000099999999636 0.00000000099999999636 0.00000000099999999636 0.00000000099999999636 0.00000000099999999636 0.00000000099999999636 0.00000000099999999636 0.00000000099999999636 0.00000000099999999636 0.00000000099999999636 0.00000000099999999636 0.00000000099999999636 0.36419149451945226348 0.00000000099999999636 0.03502957832707920965 0.00000000099999999636 0.00000000099999999636 0.33365360424924778160 0.00000000099999999636 0.00000000099999999636 0.00000000099999999636 0.00000000099999999636 0.15655205878424244270 0.00000000099999999636 0.00000000099999999636 0.00000000099999999636 0.00000000099999999636 0.00000000099999999636 0.11057324011997847479 
0.00000000099999999629 0.00000000099999999629 0.00000000099999999629 0.00000000099999999629 0.00000000099999999629 0.00000000099999999629 0.00000000099999999629 0.00000000099999999629 0.23423951845968757346 0.00000000099999999629 0.00000000099999999629 0.00000000099999999629 0.00000000099999999629 0.00000000099999999629 0.35617023184069579456 0.00000000099999999629 0.00000000099999999629 0.40959022369961667343 0.00000000099999999629 0.00000000099999999629 0.00000000099999999629 0.00000000099999999629 0.00000000099999999629 0.00000000099999999629 0.00000000099999999629 0.00000000099999999629 0.00000000099999999629 0.00000000099999999629 0.00000000099999999629 
0.00000000099999999574 0.00000000099999999574 0.00000000099999999574 0.00000000099999999574 0.00000000099999999574 0.00000000099999999574 0.00000000099999999574 0.00000000099999999574 0.00000000099999999574 0.00000000099999999574 0.00000000099999999574 0.00000000099999999574 0.00000000099999999574 0.00000000099999999574 0.48235396856474499483 0.00000000099999999574 0.00000000099999999574 0.00000000099999999574 0.00000000099999999574 0.00000000099999999574 0.00000000099999999574 0.00000000099999999574 0.00000000099999999574 0.00000000099999999574 0.00000000099999999574 0.00000000099999999574 0.00000000099999999574 0.00000000099999999574 0.51764600443525465856 
0.00000000099999999661 0.00000000099999999661 0.00000000099999999661 0.00000000099999999661 0.00000000099999999661 0.00000000099999999661 0.00000000099999999661 0.00000000099999999661 0.11359240400412093375 0.00000000099999999661 0.00000000099999999661 0.00000000099999999661 0.02841401184558469892 0.00000000099999999661 0.26799278479185456581 0.00000000099999999661 0.00000000099999999661 0.36439163862610546296 0.00000000099999999661 0.00000000099999999661 0.00000000099999999661 0.00000000099999999661 0.10663488252791737676 0.00000000099999999661 0.00000000099999999661 0.00000000099999999661 0.00000000099999999661 0.00000000099999999661 0.11897425520441715086 
0.00000000099999999662 0.00000000099999999662 0.00000000099999999662 0.00000000099999999662 0.00000000099999999662 0.00000000099999999662 0.00000000099999999662 0.00000000099999999662 0.45201349939255275334 0.00000000099999999662 0.00000000099999999662 0.00000000099999999662 0.32519815587184486283 0.00000000099999999662 0.04110549384295427572 0.00000000099999999662 0.00000000099999999662 0.03532413547895457001 0.00000000099999999662 0.00000000099999999662 0.00000000099999999662 0.00000000099999999662 0.14635869141369356461 0.00000000099999999662 0.00000000099999999662 0.00000000099999999662 0.00000000099999999662 0.00000000099999999662 0.00000000099999999662 
0.00000000099999999606 0.00000000099999999606 0.00000000099999999606 0.00000000099999999606 0.00000000099999999606 0.00000000099999999606 0.00000000099999999606 0.00000000099999999606 0.35595882281837160077 0.00000000099999999606 0.00000000099999999606 0.00000000099999999606 0.64404115018162844120 0.00000000099999999606 0.00000000099999999606 0.00000000099999999606 0.00000000099999999606 0.00000000099999999606 0.00000000099999999606 0.00000000099999999606 0.00000000099999999606 0.00000000099999999606 0.00000000099999999606 0.00000000099999999606 0.00000000099999999606 0.00000000099999999606 0.00000000099999999606 0.00000000099999999606 0.00000000099999999606 
0.00000000099999999646 0.00000000099999999646 0.00000000099999999646 0.00000000099999999646 0.00000000099999999646 0.00000000099999999646 0.00000000099999999646 0.00000000099999999646 0.34403724954799586033 0.00000000099999999646 0.00000000099999999646 0.00000000099999999646 0.18479646811089323055 0.00000000099999999646 0.02912157056132043051 0.00000000099999999646 0.00000000099999999646 0.22192008225912607244 0.00000000099999999646 0.00000000099999999646 0.00000000099999999646 0.00000000099999999646 0.00000000099999999646 0.00000000099999999646 0.00000000099999999646 0.00000000099999999646 0.00000000099999999646 0.00000000099999999646 0.22012460552066495656 
0.00000000099999999644 0.00000000099999999644 0.00000000099999999644 0.00000000099999999644 0.00000000099999999644 0.00000000099999999644 0.00000000099999999644 0.00000000099999999644 0.20681505408377673372 0.00000000099999999644 0.00000000099999999644 0.00000000099999999644 0.08896755967271097187 0.00000000099999999644 0.13656124864405191910 0.00000000099999999644 0.00000000099999999644 0.33455949720081612497 0.00000000099999999644 0.00000000099999999644 0.00000000099999999644 0.00000000099999999644 0.00000002827806282830 0.00000000099999999644 0.00000000099999999644 0.00000000099999999644 0.00000000099999999644 0.00000000099999999644 0.23309658912058184299 
0.00000000099999999639 0.00000000099999999639 0.00000000099999999639 0.00000000099999999639 0.00000000099999999639 0.00000000099999999639 0.00000000099999999639 0.00000000099999999639 0.25119104408909243009 0.00000000099999999639 0.00000000099999999639 0.00000000099999999639 0.10341504127399123170 0.00000000099999999639 0.07445278379962926019 0.00000000099999999639 0.00000000099999999639 0.51320271793223548595 0.00000000099999999639 0.00000000099999999639 0.00000000099999999639 0.00000000099999999639 0.00000000099999999639 0.00000000099999999639 0.00000000099999999639 0.00000000099999999639 0.00000000099999999639 0.00000000099999999639 0.05773838890505199328 
0.00000000099999999658 0.66459671299680156409 0.00000000099999999658 0.00000000099999999658 0.00000000099999999658 0.00000000099999999658 0.00000000099999999658 0.00000000099999999658 0.04870051388845370727 0.00000000099999999658 0.00000000099999999658 0.00000000099999999658 0.27630986122392697801 0.00000000099999999658 0.00177588663872312188 0.00000000099999999658 0.00000000099999999658 0.00000000099999999658 0.00000000099999999658 0.00000000099999999658 0.00000000099999999658 0.00000000099999999658 0.00861700125209502628 0.00000000099999999658 0.00000000099999999658 0.00000000099999999658 0.00000000099999999658 0.00000000099999999658 0.00000000099999999658 
0.00000000099999999680 0.78211635403370993735 0.00000000099999999680 0.00000000099999999680 0.00000000099999999680 0.00000000099999999680 0.00000000099999999680 0.00000000099999999680 0.00000000099999999680 0.00000000099999999680 0.00000000099999999680 0.00000000099999999680 0.00000000099999999680 0.00000000099999999680 0.21788250058272284893 0.00000000099999999680 0.00000000099999999680 0.00000000099999999680 0.00000000099999999680 0.00000000099999999680 0.00000000099999999680 0.00000000099999999680 0.00000000099999999680 0.00000000099999999680 0.00000000099999999680 0.00000000099999999680 0.00000000099999999680 0.00000000099999999680 0.00000111938356799855 
0.00000000099999999614 0.00000000099999999614 0.00000000099999999614 0.00000000099999999614 0.00000000099999999614 0.00000000099999999614 0.00000000099999999614 0.00000000099999999614 0.00000000099999999614 0.00000000099999999614 0.00000000099999999614 0.00000000099999999614 0.00000000099999999614 0.00000000099999999614 0.45894618074318604961 0.00000000099999999614 0.00000000099999999614 0.00000000099999999614 0.00000000099999999614 0.00000000099999999614 0.00000000099999999614 0.00000000099999999614 0.54105379225681360378 0.00000000099999999614 0.00000000099999999614 0.00000000099999999614 0.00000000099999999614 0.00000000099999999614 0.00000000099999999614 
0.00000000099999999692 0.56339093934414907761 0.00000000099999999692 0.00000000099999999692 0.00000000099999999692 0.00000000099999999692 0.00000000099999999692 0.00000000099999999692 0.17388068516858010137 0.00000000099999999692 0.00000000099999999692 0.00000000099999999692 0.00000000099999999692 0.00000000099999999692 0.07902071623154717506 0.00000000099999999692 0.00000000099999999692 0.00000000099999999692 0.00000000099999999692 0.00000000099999999692 0.00000000099999999692 0.00000000099999999692 0.00000000099999999692 0.00000000099999999692 0.00000000099999999692 0.00000000099999999692 0.00000000099999999692 0.00000000099999999692 0.18370763425572433913 
0.00000000099999999594 0.00000000099999999594 0.00000000099999999594 0.00000000099999999594 0.00000000099999999594 0.00000000099999999594 0.00000000099999999594 0.00000000099999999594 0.00000000099999999594 0.00000000099999999594 0.00000000099999999594 0.00000000099999999594 0.00000000099999999594 0.00000000099999999594 0.47719942974847917583 0.00000000099999999594 0.00000000099999999594 0.00000000099999999594 0.00000000099999999594 0.00000000099999999594 0.00000000099999999594 0.00000000099999999594 0.52280054325152047756 0.00000000099999999594 0.00000000099999999594 0.00000000099999999594 0.00000000099999999594 0.00000000099999999594 0.00000000099999999594 
0.00000000099999999593 0.00000000099999999593 0.00000000099999999593 0.00000000099999999593 0.00000000099999999593 0.00000000099999999593 0.00000000099999999593 0.00000000099999999593 0.00000000099999999593 0.00000000099999999593 0.00000000099999999593 0.00000000099999999593 0.00000000099999999593 0.00000000099999999593 0.47644152305719639218 0.00000000099999999593 0.00000000099999999593 0.00000000099999999593 0.00000000099999999593 0.00000000099999999593 0.00000000099999999593 0.00000000099999999593 0.52355844994280320570 0.00000000099999999593 0.00000000099999999593 0.00000000099999999593 0.00000000099999999593 0.00000000099999999593 0.00000000099999999593 
