0.00000000099999999913 0.00000000099999999913 0.15214926154903815614 0.60293413579167920435 0.00000000099999999913 0.00000000099999999913 0.00000000099999999913 0.00000000099999999913 0.00000000099999999913 0.00000000099999999913 0.00000000099999999913 0.00000000099999999913 0.00000000099999999913 0.00000000099999999913 0.00000000099999999913 0.00000000099999999913 0.24491658565928303704 0.00000000099999999913 0.00000000099999999913 0.00000000099999999913 
0.00000000099999999909 0.00000000099999999909 0.21827235752787188527 0.00000000099999999909 0.00000000099999999909 0.00000000099999999909 0.00000000099999999909 0.18758812961597134961 0.00000000099999999909 0.00000000099999999909 0.00000000099999999909 0.00000000099999999909 0.58979496173989165442 0.00000000099999999909 0.00000000099999999909 0.00000000099999999909 0.00434453511626513213 0.00000000099999999909 0.00000000099999999909 0.00000000099999999909 
0.00000000099999999725 0.00000000099999999725 0.00000000099999999725 0.00000000099999999725 0.00000000099999999725 0.00000000099999999725 0.00000000099999999725 0.00000000099999999725 0.00000000099999999725 0.00000000099999999725 0.00000000099999999725 0.00000000099999999725 0.00000000099999999725 0.00000000099999999725 0.00000000099999999725 0.00000000099999999725 0.00000000099999999725 0.99999998099999987122 0.00000000099999999725 0.00000000099999999725 
0.00000000099999999729 0.00000000099999999729 0.00000000099999999729 0.00000000099999999729 0.00000000099999999729 0.00000000099999999729 0.00000000099999999729 0.00000000099999999729 0.00000000099999999729 0.00000000099999999729 0.99999998099999987122 0.00000000099999999729 0.00000000099999999729 0.00000000099999999729 0.00000000099999999729 0.00000000099999999729 0.00000000099999999729 0.00000000099999999729 0.00000000099999999729 0.00000000099999999729 
0.00000000099999999704 0.00000000099999999704 0.00000000099999999704 0.00000000099999999704 0.00000000099999999704 0.00000000099999999704 0.00000000099999999704 0.00000000099999999704 0.00000000099999999704 0.00000000099999999704 0.00000000099999999704 0.99999998099999998225 0.00000000099999999704 0.00000000099999999704 0.00000000099999999704 0.00000000099999999704 0.00000000099999999704 0.00000000099999999704 0.00000000099999999704 0.00000000099999999704 
0.48604762154596975465 0.00000000099999999982 0.00000000099999999982 0.00000000099999999982 0.00000000099999999982 0.00000000099999999982 0.00000000099999999982 0.15862299491012701869 0.00000000099999999982 0.00000000099999999982 0.00000000099999999982 0.18871841468186376090 0.00000000099999999982 0.00000000099999999982 0.00000000099999999982 0.00000000099999999982 0.16661095286203941868 0.00000000099999999982 0.00000000099999999982 0.00000000099999999982 
0.00000000099999999921 0.00000000099999999921 0.00000000099999999921 0.00000000099999999921 0.00000000099999999921 0.00000000099999999921 0.00000000099999999921 0.00000000099999999921 0.00000000099999999921 0.99999998100000020429 0.00000000099999999921 0.00000000099999999921 0.00000000099999999921 0.00000000099999999921 0.00000000099999999921 0.00000000099999999921 0.00000000099999999921 0.00000000099999999921 0.00000000099999999921 0.00000000099999999921 
0.27718443166358741614 0.06004697865380941718 0.00000000099999999994 0.00000000099999999994 0.07341783866077906950 0.00000000099999999994 0.00909451516541146324 0.00000000099999999994 0.01452882584359284704 0.00393391609353835846 0.00000000099999999994 0.03273805775268880114 0.00000000099999999994 0.10765957778901082131 0.10659629719169803896 0.04702541171177246349 0.00000000099999999994 0.00000000099999999994 0.09012020799951571404 0.17765393347459562667 
0.00000000099999999912 0.00000000099999999912 0.21538632011006778044 0.00000000099999999912 0.00000000099999999912 0.00000000099999999912 0.00000000099999999912 0.25511459112413797934 0.00000000099999999912 0.00000000099999999912 0.00000000099999999912 0.00000000099999999912 0.00000000099999999912 0.00000000099999999912 0.00000000099999999912 0.00000000099999999912 0.00000000099999999912 0.52949907176579413814 0.00000000099999999912 0.00000000099999999912 
0.00000000099999999692 0.00000000099999999692 0.00000000099999999692 0.00000000099999999692 0.00000000099999999692 0.00000000099999999692 0.00000000099999999692 0.00000000099999999692 0.00000000099999999692 0.00000000099999999692 0.00000000099999999692 0.00000000099999999692 0.00000000099999999692 0.00000000099999999692 0.00000000099999999692 0.99999998099999987122 0.00000000099999999692 0.00000000099999999692 0.00000000099999999692 0.00000000099999999692 
0.00000000099999999899 0.00000000099999999899 0.32306726783864908592 0.00000000099999999899 0.00000000099999999899 0.00000000099999999899 0.00000000099999999899 0.06336237810479436461 0.00000000099999999899 0.00000000099999999899 0.35166974215138385729 0.00000000099999999899 0.00000000099999999899 0.00000000099999999899 0.00000000099999999899 0.00000000099999999899 0.26190059590517272836 0.00000000099999999899 0.00000000099999999899 0.00000000099999999899 
0.00000000099999999744 0.00000000099999999744 0.47798446102907621302 0.00000000099999999744 0.00000000099999999744 0.00000000099999999744 0.00000000099999999744 0.07358699525730189039 0.00000000099999999744 0.00000000099999999744 0.00000000099999999744 0.00000000099999999744 0.00000000099999999744 0.00000000099999999744 0.00000000099999999744 0.00000000099999999744 0.44842852671362193329 0.00000000099999999744 0.00000000099999999744 0.00000000099999999744 
0.04970319665830813527 0.01173663782985856496 0.46880527076882250181 0.01125307400840963416 0.00456584603685354466 0.00565268640263175484 0.00183306466545726451 0.16033148339022393336 0.00307020853208556056 0.00179720971913924742 0.00000000100000000000 0.00758079964504419952 0.00207571473583209338 0.00396543972530044152 0.01485399722740523946 0.00849629928720441012 0.21317240673920356819 0.01020393846048739915 0.01381844281649690157 0.00708428235123581117 
0.04769151711014105177 0.01182309448500895761 0.43212351428352901994 0.01228406049622429892 0.00457296559325942251 0.00331556878199395881 0.00609439249104791123 0.41389826247446526164 0.00516007744219647551 0.00241115728101790614 0.00000000100000000000 0.00417922078956584238 0.00141956361200546951 0.00206494222202071491 0.01588202102239233068 0.00794418230629247331 0.00000203470681759274 0.01064316955545634158 0.01350733502041000754 0.00498291932615478432 
0.05781416975517169460 0.01583969679471405184 0.39662104943030246362 0.01553392995591454384 0.00585347630779572709 0.00598026966288622581 0.00268549036426064987 0.41124480200916302408 0.00538355673084716952 0.00470539885483067105 0.00000000100000000000 0.00825499154403448732 0.00235345777038714751 0.00269683279621997984 0.01716236601594440733 0.00827979902927218105 0.00000000100000000000 0.01389184642285262207 0.01657993046198985576 0.00911893409341315957 
0.00000000099999999916 0.00000000099999999916 0.04910542449225260148 0.00000000099999999916 0.44250144752666131787 0.00000000099999999916 0.00000000099999999916 0.24693449370192843695 0.00000000099999999916 0.00000000099999999916 0.00000000099999999916 0.00000000099999999916 0.00000000099999999916 0.00000000099999999916 0.00000000099999999916 0.00000000099999999916 0.26145861827915789499 0.00000000099999999916 0.00000000099999999916 0.00000000099999999916 
0.00000000099999999729 0.00000000099999999729 0.35260580760670551248 0.00000000099999999729 0.00000000099999999729 0.00000000099999999729 0.00000000099999999729 0.26370249989854371853 0.00000000099999999729 0.00000000099999999729 0.00000000099999999729 0.00000000099999999729 0.00000000099999999729 0.00000000099999999729 0.00000000099999999729 0.00000000099999999729 0.38369167549475080570 0.00000000099999999729 0.00000000099999999729 0.00000000099999999729 
0.00000000099999999747 0.00000000099999999747 0.35095854081820226922 0.00000000099999999747 0.00000000099999999747 0.00000000099999999747 0.00000000099999999747 0.23084505971103352895 0.00000000099999999747 0.00000000099999999747 0.00000000099999999747 0.00000000099999999747 0.00000000099999999747 0.00000000099999999747 0.00000000099999999747 0.00000000099999999747 0.41819638247076429405 0.00000000099999999747 0.00000000099999999747 0.00000000099999999747 
0.00000000099999999781 0.00000000099999999781 0.37477877130984510456 0.00000000099999999781 0.00000000099999999781 0.00000000099999999781 0.00000000099999999781 0.00000000099999999781 0.00000000099999999781 0.00000000099999999781 0.00000000099999999781 0.00000000099999999781 0.00000000099999999781 0.00000000099999999781 0.00000000099999999781 0.00000000099999999781 0.62522121069015434980 0.00000000099999999781 0.00000000099999999781 0.00000000099999999781 
0.00000000099999999765 0.00000000099999999765 0.36775831506745765287 0.00000000099999999765 0.00000000099999999765 0.00000000099999999765 0.00000000099999999765 0.00000000099999999765 0.00000000099999999765 0.00000000099999999765 0.00000000099999999765 0.00000000099999999765 0.00000000099999999765 0.00000000099999999765 0.00000000099999999765 0.00000000099999999765 0.63224166693254180149 0.00000000099999999765 0.00000000099999999765 0.00000000099999999765 
0.00000000099999999764 0.00000000099999999764 0.36827999862565552469 0.00000000099999999764 0.00000000099999999764 0.00000000099999999764 0.00000000099999999764 0.00000000099999999764 0.00000000099999999764 0.00000000099999999764 0.00000000099999999764 0.00000000099999999764 0.00000000099999999764 0.00000000099999999764 0.00000000099999999764 0.00000000099999999764 0.63171998337434398518 0.00000000099999999764 0.00000000099999999764 0.00000000099999999764 
0.00000000099999999784 0.00000000099999999784 0.47058400453195425861 0.00000000099999999784 0.00000000099999999784 0.00000000099999999784 0.00000000099999999784 0.00000000099999999784 0.00000000099999999784 0.00000000099999999784 0.00000000099999999784 0.00000000099999999784 0.00000000099999999784 0.00000000099999999784 0.00000000099999999784 0.00000000099999999784 0.52941597746804525126 0.00000000099999999784 0.00000000099999999784 0.00000000099999999784 
0.00000000099999999785 0.00000000099999999785 0.47303348832357533515 0.00000000099999999785 0.00000000099999999785 0.00000000099999999785 0.00000000099999999785 0.00000000099999999785 0.00000000099999999785 0.00000000099999999785 0.00000000099999999785 0.00000000099999999785 0.00000000099999999785 0.00000000099999999785 0.00000000099999999785 0.00000000099999999785 0.52696649367642400819 0.00000000099999999785 0.00000000099999999785 0.00000000099999999785 
0.00000000099999999794 0.00000000099999999794 0.45276902687249520607 0.00000000099999999794 0.00000000099999999794 0.00000000099999999794 0.00000000099999999794 0.00000000099999999794 0.00000000099999999794 0.00000000099999999794 0.00000000099999999794 0.00000000099999999794 0.00000000099999999794 0.00000000099999999794 0.00000000099999999794 0.00000000099999999794 0.54723095512750430380 0.00000000099999999794 0.00000000099999999794 0.00000000099999999794 
0.00000000099999999739 0.00000000099999999739 0.56257572574546099720 0.00000000099999999739 0.00000000099999999739 0.00000000099999999739 0.00000000099999999739 0.43742425625453917881 0.00000000099999999739 0.00000000099999999739 0.00000000099999999739 0.00000000099999999739 0.00000000099999999739 0.00000000099999999739 0.00000000099999999739 0.00000000099999999739 0.00000000099999999739 0.00000000099999999739 0.00000000099999999739 0.00000000099999999739 
0.00000000099999999741 0.00000000099999999741 0.40032578579573308009 0.00000000099999999741 0.00000000099999999741 0.00000000099999999741 0.00000000099999999741 0.18905303277494336922 0.00000000099999999741 0.00000000099999999741 0.00000000099999999741 0.00000000099999999741 0.00000000099999999741 0.00000000099999999741 0.00000000099999999741 0.00000000099999999741 0.41062116442932350413 0.00000000099999999741 0.00000000099999999741 0.00000000099999999741 
0.00000000099999999734 0.00000000099999999734 0.50597272382354541165 0.00000000099999999734 0.00000000099999999734 0.00000000099999999734 0.00000000099999999734 0.08828476858616529643 0.00000000099999999734 0.00000000099999999734 0.00000000099999999734 0.00000000099999999734 0.00000000099999999734 0.00000000099999999734 0.00000000099999999734 0.00000000099999999734 0.40574249059028938413 0.00000000099999999734 0.00000000099999999734 0.00000000099999999734 
0.00000000099999999728 0.00000000099999999728 0.50845434227859886978 0.00000000099999999728 0.00000000099999999728 0.00000000099999999728 0.00000000099999999728 0.03905585704875149528 0.00000000099999999728 0.00000000099999999728 0.00000000099999999728 0.00000000099999999728 0.00000000099999999728 0.00000000099999999728 0.00000000099999999728 0.00000000099999999728 0.45248978367264974798 0.00000000099999999728 0.00000000099999999728 0.00000000099999999728 
0.00000000099999999709 0.00000000099999999709 0.54552044794334719757 0.00000000099999999709 0.00000000099999999709 0.00000000099999999709 0.00000000099999999709 0.45447953405665286741 0.00000000099999999709 0.00000000099999999709 0.00000000099999999709 0.00000000099999999709 0.00000000099999999709 0.00000000099999999709 0.00000000099999999709 0.00000000099999999709 0.00000000099999999709 0.00000000099999999709 0.00000000099999999709 0.00000000099999999709 
0.00000000099999999727 0.00000000099999999727 0.50195635022220053134 0.00000000099999999727 0.00000000099999999727 0.00000000099999999727 0.00000000099999999727 0.31566844660929471722 0.00000000099999999727 0.00000000099999999727 0.00000000099999999727 0.00000000099999999727 0.00000000099999999727 0.00000000099999999727 0.00000000099999999727 0.00000000099999999727 0.18237518616850487141 0.00000000099999999727 0.00000000099999999727 0.00000000099999999727 
0.00000000099999999719 0.00000000099999999719 0.60839953463819174129 0.00000000099999999719 0.00000000099999999719 0.00000000099999999719 0.00000000099999999719 0.00000000099999999719 0.00000000099999999719 0.00000000099999999719 0.00000000099999999719 0.00000000099999999719 0.00000000099999999719 0.00000000099999999719 0.00000000099999999719 0.00000000099999999719 0.39160044736180837921 0.00000000099999999719 0.00000000099999999719 0.00000000099999999719 
0.00000000099999999730 0.00000000099999999730 0.54248150206629497383 0.00000000099999999730 0.00000000099999999730 0.00000000099999999730 0.00000000099999999730 0.06819011009623064667 0.00000000099999999730 0.00000000099999999730 0.00000000099999999730 0.00000000099999999730 0.00000000099999999730 0.00000000099999999730 0.00000000099999999730 0.00000000099999999730 0.38932837083747434681 0.00000000099999999730 0.00000000099999999730 0.00000000099999999730 
0.00000000099999999740 0.00000000099999999740 0.32455746876470231710 0.00000000099999999740 0.00000000099999999740 0.00000000099999999740 0.00000000099999999740 0.32508726687908295894 0.00000000099999999740 0.00000000099999999740 0.00000000099999999740 0.00000000099999999740 0.00000000099999999740 0.00000000099999999740 0.00000000099999999740 0.00000000099999999740 0.35035524735621459413 0.00000000099999999740 0.00000000099999999740 0.00000000099999999740 
0.00000000099999999720 0.00000000099999999720 0.49918047011052191220 0.00000000099999999720 0.00000000099999999720 0.00000000099999999720 0.00000000099999999720 0.08694394026418769683 0.00000000099999999720 0.00000000099999999720 0.00000000099999999720 0.00000000099999999720 0.00000000099999999720 0.00000000099999999720 0.00000000099999999720 0.00000000099999999720 0.41387557262529039992 0.00000000099999999720 0.00000000099999999720 0.00000000099999999720 
0.00000000099999999719 0.00000000099999999719 0.48851020602570749407 0.00000000099999999719 0.00000000099999999719 0.00000000099999999719 0.00000000099999999719 0.08997766057402144246 0.00000000099999999719 0.00000000099999999719 0.00000000099999999719 0.00000000099999999719 0.00000000099999999719 0.00000000099999999719 0.00000000099999999719 0.00000000099999999719 0.42151211640027097527 0.00000000099999999719 0.00000000099999999719 0.00000000099999999719 
0.00000000099999999732 0.00000000099999999732 0.46683380907319310671 0.00000000099999999732 0.00000000099999999732 0.00000000099999999732 0.00000000099999999732 0.12419747431815066074 0.00000000099999999732 0.00000000099999999732 0.00000000099999999732 0.00000000099999999732 0.00000000099999999732 0.00000000099999999732 0.00000000099999999732 0.00000000099999999732 0.40896869960865628313 0.00000000099999999732 0.00000000099999999732 0.00000000099999999732 
0.00000000099999999709 0.00000000099999999709 0.43280828161111239982 0.00000000099999999709 0.00000000099999999709 0.00000000099999999709 0.00000000099999999709 0.56719170038888766516 0.00000000099999999709 0.00000000099999999709 0.00000000099999999709 0.00000000099999999709 0.00000000099999999709 0.00000000099999999709 0.00000000099999999709 0.00000000099999999709 0.00000000099999999709 0.00000000099999999709 0.00000000099999999709 0.00000000099999999709 
0.00000000099999999795 0.00000000099999999795 0.50068595018116279771 0.00000000099999999795 0.00000000099999999795 0.00000000099999999795 0.00000000099999999795 0.00000000099999999795 0.00000000099999999795 0.00000000099999999795 0.00000000099999999795 0.00000000099999999795 0.00000000099999999795 0.00000000099999999795 0.00000000099999999795 0.00000000099999999795 0.49931403181883748932 0.00000000099999999795 0.00000000099999999795 0.00000000099999999795 
0.00000000099999999739 0.00000000099999999739 0.67517351403734360282 0.00000000099999999739 0.00000000099999999739 0.00000000099999999739 0.00000000099999999739 0.32482646796265657319 0.00000000099999999739 0.00000000099999999739 0.00000000099999999739 0.00000000099999999739 0.00000000099999999739 0.00000000099999999739 0.00000000099999999739 0.00000000099999999739 0.00000000099999999739 0.00000000099999999739 0.00000000099999999739 0.00000000099999999739 
0.00000000099999999730 0.00000000099999999730 0.42225609134093505803 0.00000000099999999730 0.00000000099999999730 0.00000000099999999730 0.00000000099999999730 0.13762752681767323470 0.00000000099999999730 0.00000000099999999730 0.00000000099999999730 0.00000000099999999730 0.00000000099999999730 0.00000000099999999730 0.00000000099999999730 0.00000000099999999730 0.44011636484139166070 0.00000000099999999730 0.00000000099999999730 0.00000000099999999730 
0.00000000099999999799 0.00000000099999999799 0.50164616804031458841 0.00000000099999999799 0.00000000099999999799 0.00000000099999999799 0.00000000099999999799 0.00000000099999999799 0.00000000099999999799 0.00000000099999999799 0.00000000099999999799 0.00000000099999999799 0.00000000099999999799 0.00000000099999999799 0.00000000099999999799 0.00000000099999999799 0.49835381395968547658 0.00000000099999999799 0.00000000099999999799 0.00000000099999999799 
0.00000000099999999732 0.00000000099999999732 0.46247114583866755222 0.00000000099999999732 0.00000000099999999732 0.00000000099999999732 0.00000000099999999732 0.29672347200232657149 0.00000000099999999732 0.00000000099999999732 0.00000000099999999732 0.00000000099999999732 0.00000000099999999732 0.00000000099999999732 0.00000000099999999732 0.00000000099999999732 0.24080536515900585748 0.00000000099999999732 0.00000000099999999732 0.00000000099999999732 
0.00000000099999999711 0.00000000099999999711 0.44991697447949652311 0.00000000099999999711 0.00000000099999999711 0.00000000099999999711 0.00000000099999999711 0.55008300752050354188 0.00000000099999999711 0.00000000099999999711 0.00000000099999999711 0.00000000099999999711 0.00000000099999999711 0.00000000099999999711 0.00000000099999999711 0.00000000099999999711 0.00000000099999999711 0.00000000099999999711 0.00000000099999999711 0.00000000099999999711 
0.00000000099999999746 0.00000000099999999746 0.08348376030536895642 0.00000000099999999746 0.00000000099999999746 0.00000000099999999746 0.00000000099999999746 0.91651622169463120571 0.00000000099999999746 0.00000000099999999746 0.00000000099999999746 0.00000000099999999746 0.00000000099999999746 0.00000000099999999746 0.00000000099999999746 0.00000000099999999746 0.00000000099999999746 0.00000000099999999746 0.00000000099999999746 0.00000000099999999746 
0.00000000099999999729 0.00000000099999999729 0.37618739098075093530 0.00000000099999999729 0.00000000099999999729 0.00000000099999999729 0.00000000099999999729 0.22954411108948571951 0.00000000099999999729 0.00000000099999999729 0.00000000099999999729 0.00000000099999999729 0.00000000099999999729 0.00000000099999999729 0.00000000099999999729 0.00000000099999999729 0.39426848092976324311 0.00000000099999999729 0.00000000099999999729 0.00000000099999999729 
0.00000000099999999725 0.00000000099999999725 0.53844461190486070379 0.00000000099999999725 0.00000000099999999725 0.00000000099999999725 0.00000000099999999725 0.21241029977984915433 0.00000000099999999725 0.00000000099999999725 0.00000000099999999725 0.00000000099999999725 0.00000000099999999725 0.00000000099999999725 0.00000000099999999725 0.00000000099999999725 0.24914507131529028960 0.00000000099999999725 0.00000000099999999725 0.00000000099999999725 
0.00000000099999999687 0.00000000099999999687 0.00000000099999999687 0.00000000099999999687 0.00000000099999999687 0.00000000099999999687 0.00000000099999999687 0.57237577077574852691 0.00000000099999999687 0.00000000099999999687 0.00000000099999999687 0.00000000099999999687 0.00000000099999999687 0.00000000099999999687 0.00000000099999999687 0.00000000099999999687 0.42762421122425159359 0.00000000099999999687 0.00000000099999999687 0.00000000099999999687 
0.00000000099999999732 0.00000000099999999732 0.40740483427175389064 0.00000000099999999732 0.00000000099999999732 0.00000000099999999732 0.00000000099999999732 0.14984491724035953197 0.00000000099999999732 0.00000000099999999732 0.00000000099999999732 0.00000000099999999732 0.00000000099999999732 0.00000000099999999732 0.00000000099999999732 0.00000000099999999732 0.44275023148788655858 0.00000000099999999732 0.00000000099999999732 0.00000000099999999732 
0.00000000099999999757 0.00000000099999999757 0.53988603503646137582 0.00000000099999999757 0.00000000099999999757 0.00000000099999999757 0.00000000099999999757 0.38224150416234337069 0.00000000099999999757 0.00000000099999999757 0.00000000099999999757 0.00000000099999999757 0.00000000099999999757 0.00000000099999999757 0.00000000099999999757 0.00000000099999999757 0.07787244380119549836 0.00000000099999999757 0.00000000099999999757 0.00000000099999999757 
0.00000000099999999707 0.00000000099999999707 0.59212874066072940238 0.00000000099999999707 0.00000000099999999707 0.00000000099999999707 0.00000000099999999707 0.40787124133927082914 0.00000000099999999707 0.00000000099999999707 0.00000000099999999707 0.00000000099999999707 0.00000000099999999707 0.00000000099999999707 0.00000000099999999707 0.00000000099999999707 0.00000000099999999707 0.00000000099999999707 0.00000000099999999707 0.00000000099999999707 
0.00000000099999999740 0.00000000099999999740 0.48749654353669269469 0.00000000099999999740 0.00000000099999999740 0.00000000099999999740 0.00000000099999999740 0.26792476116211988435 0.00000000099999999740 0.00000000099999999740 0.00000000099999999740 0.00000000099999999740 0.00000000099999999740 0.00000000099999999740 0.00000000099999999740 0.00000000099999999740 0.24457867830118737440 0.00000000099999999740 0.00000000099999999740 0.00000000099999999740 
0.00000000099999999728 0.00000000099999999728 0.43483080369887960881 0.00000000099999999728 0.00000000099999999728 0.00000000099999999728 0.00000000099999999728 0.16602246339201498504 0.00000000099999999728 0.00000000099999999728 0.00000000099999999728 0.00000000099999999728 0.00000000099999999728 0.00000000099999999728 0.00000000099999999728 0.00000000099999999728 0.39914671590910544285 0.00000000099999999728 0.00000000099999999728 0.00000000099999999728 
0.00000000099999999723 0.00000000099999999723 0.66052564750856379572 0.00000000099999999723 0.00000000099999999723 0.00000000099999999723 0.00000000099999999723 0.00000000099999999723 0.00000000099999999723 0.00000000099999999723 0.00000000099999999723 0.00000000099999999723 0.00000000099999999723 0.00000000099999999723 0.00000000099999999723 0.00000000099999999723 0.33947433449143638029 0.00000000099999999723 0.00000000099999999723 0.00000000099999999723 
0.00000000099999999795 0.00000000099999999795 0.53837923345286886612 0.00000000099999999795 0.00000000099999999795 0.00000000099999999795 0.00000000099999999795 0.00000000099999999795 0.00000000099999999795 0.00000000099999999795 0.00000000099999999795 0.00000000099999999795 0.00000000099999999795 0.00000000099999999795 0.00000000099999999795 0.00000000099999999795 0.46162074854713119887 0.00000000099999999795 0.00000000099999999795 0.00000000099999999795 
0.00000000099999999827 0.00000000099999999827 0.39064751799465907700 0.00000000099999999827 0.00000000099999999827 0.00000000099999999827 0.00000000099999999827 0.00000000099999999827 0.00000000099999999827 0.00000000099999999827 0.00000000099999999827 0.00000000099999999827 0.00000000099999999827 0.00000000099999999827 0.00000000099999999827 0.00000000099999999827 0.60935246400534048838 0.00000000099999999827 0.00000000099999999827 0.00000000099999999827 
0.00000000099999999715 0.00000000099999999715 0.00000000099999999715 0.00000000099999999715 0.00000000099999999715 0.00000000099999999715 0.00000000099999999715 0.54403407970429129570 0.00000000099999999715 0.00000000099999999715 0.00000000099999999715 0.00000000099999999715 0.00000000099999999715 0.00000000099999999715 0.00000000099999999715 0.00000000099999999715 0.45596590229570876929 0.00000000099999999715 0.00000000099999999715 0.00000000099999999715 
0.00000000099999999811 0.00000000099999999811 0.39343177506702076140 0.00000000099999999811 0.00000000099999999811 0.00000000099999999811 0.00000000099999999811 0.00000000099999999811 0.00000000099999999811 0.00000000099999999811 0.00000000099999999811 0.00000000099999999811 0.00000000099999999811 0.00000000099999999811 0.00000000099999999811 0.00000000099999999811 0.60656820693297874847 0.00000000099999999811 0.00000000099999999811 0.00000000099999999811 
0.00000000099999999700 0.00000000099999999700 0.00000000099999999700 0.00000000099999999700 0.00000000099999999700 0.00000000099999999700 0.00000000099999999700 0.56654360786704005548 0.00000000099999999700 0.00000000099999999700 0.00000000099999999700 0.00000000099999999700 0.00000000099999999700 0.00000000099999999700 0.00000000099999999700 0.00000000099999999700 0.43345637413296006502 0.00000000099999999700 0.00000000099999999700 0.00000000099999999700 
0.00000000099999999698 0.00000000099999999698 0.00000000099999999698 0.00000000099999999698 0.00000000099999999698 0.00000000099999999698 0.00000000099999999698 0.55246222758480934001 0.00000000099999999698 0.00000000099999999698 0.00000000099999999698 0.00000000099999999698 0.00000000099999999698 0.00000000099999999698 0.00000000099999999698 0.00000000099999999698 0.44753775441519066947 0.00000000099999999698 0.00000000099999999698 0.00000000099999999698 
0.00000000099999999715 0.00000000099999999715 0.00000000099999999715 0.00000000099999999715 0.00000000099999999715 0.00000000099999999715 0.00000000099999999715 0.55991565435764789616 0.00000000099999999715 0.00000000099999999715 0.00000000099999999715 0.00000000099999999715 0.00000000099999999715 0.00000000099999999715 0.00000000099999999715 0.00000000099999999715 0.44008432764235211332 0.00000000099999999715 0.00000000099999999715 0.00000000099999999715 
0.00000000099999999688 0.00000000099999999688 0.00000000099999999688 0.00000000099999999688 0.00000000099999999688 0.00000000099999999688 0.00000000099999999688 0.58930341843609168606 0.00000000099999999688 0.00000000099999999688 0.00000000099999999688 0.00000000099999999688 0.00000000099999999688 0.00000000099999999688 0.00000000099999999688 0.00000000099999999688 0.41069656356390837892 0.00000000099999999688 0.00000000099999999688 0.00000000099999999688 
0.00000000099999999701 0.00000000099999999701 0.00000000099999999701 0.00000000099999999701 0.00000000099999999701 0.00000000099999999701 0.00000000099999999701 0.55711344625569547695 0.00000000099999999701 0.00000000099999999701 0.00000000099999999701 0.00000000099999999701 0.00000000099999999701 0.00000000099999999701 0.00000000099999999701 0.00000000099999999701 0.44288653574430447701 0.00000000099999999701 0.00000000099999999701 0.00000000099999999701 
0.00000000099999999692 0.00000000099999999692 0.00000000099999999692 0.00000000099999999692 0.00000000099999999692 0.00000000099999999692 0.00000000099999999692 0.56918242247272765599 0.00000000099999999692 0.00000000099999999692 0.00000000099999999692 0.00000000099999999692 0.00000000099999999692 0.00000000099999999692 0.00000000099999999692 0.00000000099999999692 0.43081755952727246450 0.00000000099999999692 0.00000000099999999692 0.00000000099999999692 
0.00000000099999999707 0.00000000099999999707 0.00000000099999999707 0.00000000099999999707 0.00000000099999999707 0.00000000099999999707 0.00000000099999999707 0.55697573290006852087 0.00000000099999999707 0.00000000099999999707 0.00000000099999999707 0.00000000099999999707 0.00000000099999999707 0.00000000099999999707 0.00000000099999999707 0.00000000099999999707 0.44302424909993148860 0.00000000099999999707 0.00000000099999999707 0.00000000099999999707 
0.00000000099999999701 0.00000000099999999701 0.00000000099999999701 0.00000000099999999701 0.00000000099999999701 0.00000000099999999701 0.00000000099999999701 0.56148359439385031600 0.00000000099999999701 0.00000000099999999701 0.00000000099999999701 0.00000000099999999701 0.00000000099999999701 0.00000000099999999701 0.00000000099999999701 0.00000000099999999701 0.43851638760614969348 0.00000000099999999701 0.00000000099999999701 0.00000000099999999701 
0.00000000099999999727 0.00000000099999999727 0.00000000099999999727 0.00000000099999999727 0.00000000099999999727 0.00000000099999999727 0.00000000099999999727 0.54910296734692076726 0.00000000099999999727 0.00000000099999999727 0.00000000099999999727 0.00000000099999999727 0.00000000099999999727 0.00000000099999999727 0.00000000099999999727 0.00000000099999999727 0.45089701465307929773 0.00000000099999999727 0.00000000099999999727 0.00000000099999999727 
0.00000000099999999712 0.00000000099999999712 0.00000000099999999712 0.00000000099999999712 0.00000000099999999712 0.00000000099999999712 0.00000000099999999712 0.54594169637524514460 0.00000000099999999712 0.00000000099999999712 0.00000000099999999712 0.00000000099999999712 0.00000000099999999712 0.00000000099999999712 0.00000000099999999712 0.00000000099999999712 0.45405828562475480936 0.00000000099999999712 0.00000000099999999712 0.00000000099999999712 
0.00000000099999999699 0.00000000099999999699 0.00000000099999999699 0.00000000099999999699 0.00000000099999999699 0.00000000099999999699 0.00000000099999999699 0.55651963714991348198 0.00000000099999999699 0.00000000099999999699 0.00000000099999999699 0.00000000099999999699 0.00000000099999999699 0.00000000099999999699 0.00000000099999999699 0.00000000099999999699 0.44348034485008658301 0.00000000099999999699 0.00000000099999999699 0.00000000099999999699 
0.00000000099999999701 0.00000000099999999701 0.00000000099999999701 0.00000000099999999701 0.00000000099999999701 0.00000000099999999701 0.00000000099999999701 0.55797067363035812715 0.00000000099999999701 0.00000000099999999701 0.00000000099999999701 0.00000000099999999701 0.00000000099999999701 0.00000000099999999701 0.00000000099999999701 0.00000000099999999701 0.44202930836964188233 0.00000000099999999701 0.00000000099999999701 0.00000000099999999701 
0.00000000099999999711 0.00000000099999999711 0.00000000099999999711 0.00000000099999999711 0.00000000099999999711 0.00000000099999999711 0.00000000099999999711 0.54517791499326528903 0.00000000099999999711 0.00000000099999999711 0.00000000099999999711 0.00000000099999999711 0.00000000099999999711 0.00000000099999999711 0.00000000099999999711 0.00000000099999999711 0.45482206700673477595 0.00000000099999999711 0.00000000099999999711 0.00000000099999999711 
0.00000000099999999722 0.00000000099999999722 0.00000000099999999722 0.00000000099999999722 0.00000000099999999722 0.00000000099999999722 0.00000000099999999722 0.53947852080828784249 0.00000000099999999722 0.00000000099999999722 0.00000000099999999722 0.00000000099999999722 0.00000000099999999722 0.00000000099999999722 0.00000000099999999722 0.00000000099999999722 0.46052146119171211147 0.00000000099999999722 0.00000000099999999722 0.00000000099999999722 
0.00000000099999999702 0.00000000099999999702 0.00000000099999999702 0.00000000099999999702 0.00000000099999999702 0.00000000099999999702 0.00000000099999999702 0.56058421768725708034 0.00000000099999999702 0.00000000099999999702 0.00000000099999999702 0.00000000099999999702 0.00000000099999999702 0.00000000099999999702 0.00000000099999999702 0.00000000099999999702 0.43941576431274287362 0.00000000099999999702 0.00000000099999999702 0.00000000099999999702 
0.00000000099999999688 0.00000000099999999688 0.00000000099999999688 0.00000000099999999688 0.00000000099999999688 0.00000000099999999688 0.00000000099999999688 0.57368441217379273489 0.00000000099999999688 0.00000000099999999688 0.00000000099999999688 0.00000000099999999688 0.00000000099999999688 0.00000000099999999688 0.00000000099999999688 0.00000000099999999688 0.42631556982620727458 0.00000000099999999688 0.00000000099999999688 0.00000000099999999688 
0.00000000099999999689 0.00000000099999999689 0.00000000099999999689 0.00000000099999999689 0.00000000099999999689 0.00000000099999999689 0.00000000099999999689 0.58615097866185239539 0.00000000099999999689 0.00000000099999999689 0.00000000099999999689 0.00000000099999999689 0.00000000099999999689 0.00000000099999999689 0.00000000099999999689 0.00000000099999999689 0.41384900333814778062 0.00000000099999999689 0.00000000099999999689 0.00000000099999999689 
0.00000000099999999696 0.00000000099999999696 0.00000000099999999696 0.00000000099999999696 0.00000000099999999696 0.00000000099999999696 0.00000000099999999696 0.55486070864896597232 0.00000000099999999696 0.00000000099999999696 0.00000000099999999696 0.00000000099999999696 0.00000000099999999696 0.00000000099999999696 0.00000000099999999696 0.00000000099999999696 0.44513927335103392613 0.00000000099999999696 0.00000000099999999696 0.00000000099999999696 
0.00000000099999999698 0.00000000099999999698 0.00000000099999999698 0.00000000099999999698 0.00000000099999999698 0.00000000099999999698 0.00000000099999999698 0.56313494727654633820 0.00000000099999999698 0.00000000099999999698 0.00000000099999999698 0.00000000099999999698 0.00000000099999999698 0.00000000099999999698 0.00000000099999999698 0.00000000099999999698 0.43686503472345367127 0.00000000099999999698 0.00000000099999999698 0.00000000099999999698 
0.00000000099999999718 0.00000000099999999718 0.00000000099999999718 0.00000000099999999718 0.00000000099999999718 0.00000000099999999718 0.00000000099999999718 0.54165041889306919654 0.00000000099999999718 0.00000000099999999718 0.00000000099999999718 0.00000000099999999718 0.00000000099999999718 0.00000000099999999718 0.00000000099999999718 0.00000000099999999718 0.45834956310693086845 0.00000000099999999718 0.00000000099999999718 0.00000000099999999718 
0.00000000099999999815 0.00000000099999999815 0.31291901473971855951 0.00000000099999999815 0.00000000099999999815 0.00000000099999999815 0.00000000099999999815 0.00000000099999999815 0.00000000099999999815 0.00000000099999999815 0.00000000099999999815 0.00000000099999999815 0.00000000099999999815 0.00000000099999999815 0.00000000099999999815 0.00000000099999999815 0.68708096726028100587 0.00000000099999999815 0.00000000099999999815 0.00000000099999999815 
0.00000000099999999700 0.00000000099999999700 0.00000000099999999700 0.00000000099999999700 0.00000000099999999700 0.00000000099999999700 0.00000000099999999700 0.54727968868745169306 0.00000000099999999700 0.00000000099999999700 0.00000000099999999700 0.00000000099999999700 0.00000000099999999700 0.00000000099999999700 0.00000000099999999700 0.00000000099999999700 0.45272029331254826090 0.00000000099999999700 0.00000000099999999700 0.00000000099999999700 
0.00000000099999999809 0.00000000099999999809 0.49097979436224603589 0.00000000099999999809 0.00000000099999999809 0.00000000099999999809 0.00000000099999999809 0.00000000099999999809 0.00000000099999999809 0.00000000099999999809 0.00000000099999999809 0.00000000099999999809 0.00000000099999999809 0.00000000099999999809 0.00000000099999999809 0.00000000099999999809 0.50902018763775358501 0.00000000099999999809 0.00000000099999999809 0.00000000099999999809 
0.00000000099999999690 0.00000000099999999690 0.00000000099999999690 0.00000000099999999690 0.00000000099999999690 0.00000000099999999690 0.00000000099999999690 0.58352708787995644091 0.00000000099999999690 0.00000000099999999690 0.00000000099999999690 0.00000000099999999690 0.00000000099999999690 0.00000000099999999690 0.00000000099999999690 0.00000000099999999690 0.41647289412004362408 0.00000000099999999690 0.00000000099999999690 0.00000000099999999690 
0.00000000099999999700 0.00000000099999999700 0.00000000099999999700 0.00000000099999999700 0.00000000099999999700 0.00000000099999999700 0.00000000099999999700 0.55069220667106311140 0.00000000099999999700 0.00000000099999999700 0.00000000099999999700 0.00000000099999999700 0.00000000099999999700 0.00000000099999999700 0.00000000099999999700 0.00000000099999999700 0.44930777532893684256 0.00000000099999999700 0.00000000099999999700 0.00000000099999999700 
0.00000000099999999695 0.00000000099999999695 0.00000000099999999695 0.00000000099999999695 0.00000000099999999695 0.00000000099999999695 0.00000000099999999695 0.56854882122105099285 0.00000000099999999695 0.00000000099999999695 0.00000000099999999695 0.00000000099999999695 0.00000000099999999695 0.00000000099999999695 0.00000000099999999695 0.00000000099999999695 0.43145116077894896112 0.00000000099999999695 0.00000000099999999695 0.00000000099999999695 
0.00000000099999999897 0.00000000099999999897 0.00000000099999999897 0.00000000099999999897 0.00000000099999999897 0.00000000099999999897 0.00000000099999999897 0.53569383503681489156 0.00000000099999999897 0.00000000099999999897 0.00000000099999999897 0.00000000099999999897 0.00000000099999999897 0.00000000099999999897 0.00137376831008877110 0.00000000099999999897 0.46293237965309658177 0.00000000099999999897 0.00000000099999999897 0.00000000099999999897 
0.00000000099999999735 0.00000000099999999735 0.07679279359674169581 0.00000000099999999735 0.00000000099999999735 0.00000000099999999735 0.00000000099999999735 0.92320718840325843857 0.00000000099999999735 0.00000000099999999735 0.00000000099999999735 0.00000000099999999735 0.00000000099999999735 0.00000000099999999735 0.00000000099999999735 0.00000000099999999735 0.00000000099999999735 0.00000000099999999735 0.00000000099999999735 0.00000000099999999735 
0.00000000099999999792 0.00000000099999999792 0.41697434053692083999 0.00000000099999999792 0.00000000099999999792 0.00000000099999999792 0.00000000099999999792 0.00000000099999999792 0.00000000099999999792 0.00000000099999999792 0.00000000099999999792 0.00000000099999999792 0.00000000099999999792 0.00000000099999999792 0.00000000099999999792 0.00000000099999999792 0.58302564146307855886 0.00000000099999999792 0.00000000099999999792 0.00000000099999999792 
